0716+714 5.1775898933410645 0.022488955408334732 1
3C84 0.9908589720726013 0.01575329340994358 1
OJ287 12.159000396728516 0.015865786001086235 1
OJ287 9.364119529724121 0.002813634229823947 0
0637-752 4.982580184936523 0.013237882405519485 0
2013+370 0.23236800730228424 0.01996314898133278 1
2013+370 1.1312999725341797 0.008308901451528072 0
2013+370 2.3128299713134766 0.008308756165206432 0
3C380 3.015360116958618 0.008308756165206432 0
3C418 0.38025298714637756 0.016519863158464432 1
3C418 4.762790203094482 0.005461735650897026 0
3C418 6.645669937133789 0.01546155009418726 0
3C418 9.384989738464355 0.015477348119020462 0
VR422201 3.4483399391174316 0.02506108582019806 1
VR422201 4.434720039367676 0.01650370843708515 1
VR422201 6.338749885559082 0.005461644381284714 0
VR422201 7.249199867248535 0.016497939825057983 1
1954+513 4.107349872589111 0.008098156191408634 0
1954+513 2.0513999462127686 0.008098156191408634 0
1849+670 3.858680009841919 0.008098156191408634 0
1849+670 2.087980031967163 0.02506086602807045 1
1849+670 4.5175700187683105 0.008308828808367252 0
1849+670 6.069089889526367 0.008098224177956581 0
1849+670 7.055669784545898 0.008098224177956581 0
1849+670 1.8833800554275513 0.01547358836978674 0
1849+670 2.707779884338379 0.005603780038654804 1
1849+670 4.294690132141113 0.015473847277462482 0
1849+670 5.2681498527526855 0.0154741071164608 0
1849+670 6.160470008850098 0.01548734400421381 0
1633+38 4.0343499183654785 0.017721641808748245 1
1611+343 4.8976898193359375 0.008098156191408634 0
3C345 4.637320041656494 0.008098156191408634 0
1633+38 5.416240215301514 0.008095118217170238 0
3C345 6.747620105743408 0.013379470445215702 0
2136+141 2.368690013885498 0.007730645593255758 1
0059+581 3.4490299224853516 0.008305547758936882 0
0059+581 6.021190166473389 0.008095118217170238 0
0059+581 6.840390205383301 0.013378911651670933 0
VR422201 3.04790997505188 0.013726522214710712 1
VR422201 4.043019771575928 0.013726763427257538 1
VR422201 5.013390064239502 0.013727004639804363 1
0212+735 1.174780011177063 0.016525059938430786 1
0212+735 2.897020101547241 0.016519566997885704 1
3C273B 15.303299903869629 0.008134814910590649 0
0212+735 4.077859878540039 0.016508743166923523 1
0RAO150 7.549530029296875 0.01727209985256195 0
2022+542 1.9223699569702148 0.019309667870402336 0
2022+542 0.44747498631477356 0.01981235481798649 1
VR422201 4.099259853363037 0.019812876358628273 1
1823+568 7.546450138092041 0.01608002930879593 0
1849+670 6.579319953918457 0.01546155009418726 0
1749+096 3.4190900325775146 0.00356871890835464 1
VR422201 5.892600059509277 0.01772179827094078 1
VR422201 8.284319877624512 0.01772288791835308 1
VR422201 9.834030151367188 0.01772366836667061 1
0133+476 9.005209922790527 0.005462145898491144 0
0212+735 6.827859878540039 0.015461420640349388 0
2145+067 3.4847300052642822 0.02148158848285675 1
2145+067 6.7535200119018555 0.0056094019673764706 1
2145+067 7.983029842376709 0.005462556146085262 0
0528+134 9.415040016174316 0.015460515394806862 0
0133+476 5.4405198097229 0.005461826454848051 0
3C279 19.494199752807617 0.025724545121192932 0
1803+784 3.7054200172424316 0.019812528043985367 1
1803+784 5.134439945220947 0.019812876358628273 1
1803+784 5.868539810180664 0.017721330747008324 1
1803+784 7.450860023498535 0.013727245852351189 1
1803+784 8.57351016998291 0.013379358686506748 1
1803+784 9.82030963897705 0.005604420322924852 1
0552+398 4.9975199699401855 0.015863969922065735 1
0552+398 4.424210071563721 0.013726522214710712 1
0RAO150 7.7392401695251465 0.005461917724460363 0
0552+398 4.839330196380615 0.013378242030739784 0
0529+483 6.931270122528076 0.013726763427257538 1
0609+413 4.229219913482666 0.013726401142776012 1
0528+134 10.707099914550781 0.0027410921175032854 0
0528+134 10.776800155639648 0.002812413265928626 0
0716+714 6.16234016418457 0.013727487064898014 1
0716+714 4.987189769744873 0.016522981226444244 1
0716+714 3.884779930114746 0.008305547758936882 1
0716+714 3.187969923019409 0.008095118217170238 0
0716+714 2.2426600456237793 0.013726401142776012 1
0528+134 11.53499984741211 0.0027413228526711464 0
0642+449 4.89870023727417 0.008305547758936882 1
0642+449 2.4865798950195312 0.008305547758936882 1
0642+449 1.912950038909912 0.00809532031416893 0
0642+449 0.7697610259056091 0.017720552161335945 1
0642+449 0.49779000878334045 0.01772039569914341 1
3C273B 20.205699920654297 0.005756341852247715 0
0642+449 0.9489930272102356 0.014190790243446827 1
0528+134 10.499600410461426 0.002812388353049755 0
0657+172 2.3596999645233154 0.017720552161335945 1
0528+134 12.245499610900879 0.002741276752203703 0
0607-157 8.686090469360352 0.013379023410379887 0
VR422201 1.498610019683838 0.017720552161335945 1
VR422201 5.338359832763672 0.01772148720920086 1
VR422201 7.2494001388549805 0.013727608136832714 1
0529+483 3.2026898860931396 0.05923013761639595 1
0529+483 4.213840007781982 0.017720552161335945 1
0529+483 5.900589942932129 0.017720863223075867 1
3C454.3 5.336339950561523 0.015878934413194656 1
0529+483 2.7786099910736084 0.01587781310081482 1
0748+126 11.36460018157959 0.002813559491187334 1
0748+126 8.523119926452637 0.0027404699940234423 0
0748+126 4.596879959106445 0.016537852585315704 1
3C418 12.533499717712402 0.005463012494146824 0
0003-066 14.478099822998047 0.005464655812829733 0
0738+313 6.4515299797058105 0.002812239108607173 0
0528+134 10.11050033569336 0.002741138217970729 0
0738+313 2.785949945449829 0.013726281002163887 1
VR422201 20.937299728393555 0.0054657976143062115 0
VR422201 2.1788699626922607 0.055039841681718826 1
CTA102 5.883180141448975 0.017722265794873238 1
2145+067 9.07271957397461 0.0027409999165683985 0
0212+735 0.9281259775161743 0.01650652103126049 1
VR422201 7.251259803771973 0.016089482232928276 0
VR422201 14.064299583435059 0.013378242030739784 0
2145+067 15.095399856567383 0.002813733881339431 0
VR422201 15.836600303649902 0.0160647202283144 0
VR422201 20.316600799560547 0.016069089993834496 0
CTA102 9.477869987487793 0.019817404448986053 1
0716+714 1.7076200246810913 0.016511261463165283 1
CTA102 12.391200065612793 0.005463879555463791 0
0716+714 2.454349994659424 0.01981235481798649 1
0716+714 4.324940204620361 0.019812528043985367 1
OJ287 10.335399627685547 0.0028128118719905615 0
0716+714 8.606809616088867 0.008304891176521778 1
CTA102 16.80470085144043 0.005608612205833197 0
0716+714 10.009300231933594 0.019814269617199898 1
0716+714 10.934700012207031 0.019814617931842804 1
0716+714 15.400500297546387 0.019817056134343147 1
0805-077 11.388299942016602 0.005461780820041895 0
0716+714 19.332300186157227 0.01982036791741848 1
0716+714 20.618999481201172 0.00810519140213728 0
0805-077 3.0828099250793457 0.01981217972934246 1
0805-077 3.5359699726104736 0.008304454386234283 1
3C454.3 7.161590099334717 0.022956576198339462 1
0528+134 9.5971097946167 0.0028143327217549086 1
0748+126 10.179499626159668 0.002814307576045394 1
0716+714 2.454619884490967 0.01981217972934246 1
3C454.3 15.47760009765625 0.0028143327217549086 0
0234+285 12.029800415039062 0.005604863632470369 1
0748+126 9.676509857177734 0.0028139834757894278 1
VR422201 19.16659927368164 0.0054655238054692745 0
0716+714 17.311100006103516 0.00830685906112194 1
0748+126 3.236999988555908 0.008311164565384388 1
0234+285 19.865400314331055 0.005606391467154026 0
0748+126 3.451129913330078 0.016159459948539734 0
0529+483 16.108200073242188 0.015447604469954967 0
0805-077 6.818210124969482 0.015461161732673645 0
0529+483 18.50040054321289 0.017277294769883156 0
0235+164 7.768449783325195 0.01588047482073307 1
3C84 5.730249881744385 0.008094443939626217 0
0748+126 9.578530311584473 0.005604716017842293 0
0234+285 13.656999588012695 0.002813534578308463 1
0235+164 14.93280029296875 0.0028141329530626535 1
0529+483 5.1011199951171875 0.016513187438249588 1
0748+126 8.131730079650879 0.016542470082640648 1
3C84 15.33430004119873 0.008095995523035526 0
0234+285 18.172100067138672 0.002741253701969981 0
0235+164 18.743999481201172 0.0028144074603915215 1
OJ287 10.34749984741211 0.008304964751005173 0
0529+483 14.67959976196289 0.00560974795371294 1
3C84 19.09819984436035 0.005463697016239166 0
0234+285 20.416500091552734 0.008096602745354176 0
0736+017 3.877419948577881 0.008304454386234283 1
0736+017 0.4406780004501343 0.016512002795934677 1
0234+285 21.569799423217773 0.002741830190643668 0
1101+384 6.632969856262207 0.016073737293481827 0
1055+018 7.134769916534424 0.016104863956570625 0
1101+384 8.043669700622559 0.016076335683465004 0
OJ287 11.641799926757812 0.005466803442686796 0
3C273B 6.653719902038574 0.0056356145069003105 1
0119+115 7.590109825134277 0.017274264246225357 1
0133+476 5.154640197753906 0.005493654869496822 0
0133+476 7.0426201820373535 0.005493979901075363 0
0415+379 6.050899982452393 0.005484352819621563 0
OJ287 9.173100471496582 0.0027406082954257727 0
0133+476 14.704500198364258 0.015465041622519493 0
0415+379 9.728919982910156 0.015473717823624611 0
0607-157 7.922229766845703 0.01338271051645279 0
1222+216 9.302459716796875 0.008095928467810154 0
OJ287 5.396870136260986 0.02309528738260269 1
1124-186 9.517919540405273 0.00575218303129077 0
1101+384 8.422019958496094 0.005462328437715769 0
0609+413 2.730530023574829 0.008094173856079578 0
0917+624 6.502470016479492 0.013378688134253025 0
0607-157 13.504599571228027 0.013381816446781158 0
0648-165 13.611700057983398 0.008096198551356792 0
0536+145 8.484930038452148 0.013378352858126163 0
0716+714 9.426580429077148 0.017722109332680702 1
0607-157 9.942819595336914 0.018214548006653786 0
0648-165 7.605959892272949 0.01821347139775753 0
0743-006 3.6658198833465576 0.013726281002163887 1
1222+216 12.59060001373291 0.005463286302983761 0
3C273B 13.899200439453125 0.0054640620946884155 0
3C279 14.390000343322754 0.005607032682746649 1
3C273B 18.548500061035156 0.008098426274955273 0
3C279 19.191099166870117 0.008099440485239029 0
1150+812 2.5369598865509033 0.008304454386234283 1
0836+710 2.4820098876953125 0.008304454386234283 1
0754+100 2.03983998298645 0.03644891083240509 1
0836+710 4.139080047607422 0.016541874036192894 1
0917+624 5.0483198165893555 0.00809424091130495 0
0836+710 6.18356990814209 0.005603977013379335 1
0212+735 9.393340110778809 0.0054621915332973 0
0749+540 3.235690116882324 0.00560373067855835 1
0529+483 4.594220161437988 0.005603780038654804 1
0529+483 11.177900314331055 0.005604370962828398 1
0529+483 16.090599060058594 0.005462875589728355 0
0607-157 11.754899978637695 0.005604370962828398 0
0648-165 10.197999954223633 0.005604223348200321 0
0529+483 19.131000518798828 0.005463560111820698 1
0648-165 6.913139820098877 0.005603927653282881 1
0716+714 21.538799285888672 0.013736181892454624 0
0529+483 2.908829927444458 0.015877673402428627 1
0529+483 2.0893099308013916 0.033470455557107925 1
0528+134 8.72428035736084 0.0027406313456594944 0
3C273B 13.93239974975586 0.01609455980360508 0
1101+384 10.4621000289917 0.0034755493979901075 0
0607-157 13.567000389099121 0.008095725439488888 0
0754+100 7.95497989654541 0.01587851345539093 1
0536+145 8.084959983825684 0.003473055548965931 0
0529+483 12.533900260925293 0.01981496624648571 1
0657+172 1.7804100513458252 0.02506086602807045 1
0735+178 1.9917700290679932 0.02506086602807045 1
0657+172 5.304659843444824 0.019309667870402336 0
0607-157 10.915900230407715 0.008094781078398228 0
0735+178 5.4220099449157715 0.02506108582019806 1
0657+172 9.376790046691895 0.019310150295495987 0
0748+126 10.582500457763672 0.00546666607260704 0
0607-157 8.234519958496094 0.00809451099485159 0
0RAO150 4.4694600105285645 0.00809437595307827 0
3C279 7.937359809875488 0.016501784324645996 1
1611+343 12.258199691772461 0.01612180471420288 0
0RAO150 6.269959926605225 0.01638367772102356 0
0754+100 8.644140243530273 0.016079619526863098 0
3C279 15.578800201416016 0.016127463430166245 0
1334-127 15.211600303649902 0.01611408405005932 0
0716+714 12.912799835205078 0.02506527118384838 1
0RAO150 13.303899765014648 0.005462556146085262 0
0748+126 3.956360101699829 0.021901492029428482 1
0700-007 8.203829765319824 0.013378911651670933 0
0754+100 5.81525993347168 0.016560832038521767 1
0RAO150 18.421899795532227 0.0054634688422083855 0
3C84 19.2716007232666 0.016066495329141617 0
0700-007 4.976900100708008 0.0160647202283144 0
0754+100 3.3551599979400635 0.02506064623594284 1
0RAO150 21.292999267578125 0.018190152943134308 0
3C84 21.673799514770508 0.018190918490290642 0
0700-007 3.0754098892211914 0.018181584775447845 0
1611+343 4.805099964141846 0.024427050724625587 0
3C273B 11.1899995803833 0.01547994278371334 0
3C279 11.509599685668945 0.00546433636918664 0
0738+313 5.806359767913818 0.0028126873075962067 1
0RAO150 8.4027099609375 0.005462008994072676 0
0446+112 10.006999969482422 0.008094916120171547 0
0716+714 9.133810043334961 0.00809471309185028 0
0738+313 3.0181400775909424 0.008304454386234283 0
4C39.25 8.592829704284668 0.015878934413194656 1
3C273B 17.519800186157227 0.008098426274955273 0
3C279 18.03499984741211 0.008099372498691082 0
0716+714 16.614500045776367 0.013381928205490112 0
4C39.25 15.789400100708008 0.013381034135818481 0
0748+126 1.7723000049591064 0.034571919590234756 1
0528+134 11.79640007019043 0.0027406082954257727 0
1637+574 4.505249977111816 0.019813397899270058 1
3C345 6.476870059967041 0.01981513947248459 1
1803+784 4.027279853820801 0.019812876358628273 1
1357+769 4.847690105438232 0.015878373757004738 1
1642+690 6.845149993896484 0.017722420394420624 1
1803+784 6.675909996032715 0.008305037394165993 1
OJ287 8.645259857177734 0.01727224513888359 0
0727-115 11.541999816894531 0.015475921332836151 0
0528+134 7.615930080413818 0.0027425456792116165 0
0836+710 17.760299682617188 0.008096670731902122 0
0727-115 9.43319034576416 0.008094173856079578 0
0528+134 9.174819946289062 0.013727245852351189 0
0821+394 13.898900032043457 0.015475921332836151 0
0528+134 11.825699806213379 0.013379582203924656 0
0821+394 16.8533992767334 0.01546439528465271 0
0528+134 14.297100067138672 0.013380363583564758 0
1334-127 21.849599838256836 0.017283791676163673 0
0727-115 11.273200035095215 0.01727224513888359 0
0743-006 8.512330055236816 0.013379023410379887 0
1334-127 18.261499404907227 0.017284225672483444 0
0748+126 8.392849922180176 0.002814781852066517 1
0528+134 7.94789981842041 0.00274102296680212 0
0743-006 5.595749855041504 0.017720863223075867 1
1334-127 22.05389976501465 0.01728624850511551 0
0528+134 10.31779956817627 0.0027404469437897205 0
0743-006 1.7542799711227417 0.008304527029395103 1
0743-006 3.3420801162719727 0.01337813027203083 0
OJ287 13.288599967956543 0.008095186203718185 0
0836+710 3.7548599243164062 0.008094173856079578 0
0917+624 4.633600234985352 0.008094308897852898 0
1642+690 5.999330043792725 0.008094646036624908 0
0738+313 4.520699977874756 0.017271235585212708 0
OJ287 6.269169807434082 0.005598960444331169 1
4C39.25 12.661999702453613 0.017273398116230965 0
OJ287 9.558859825134277 0.01727238856256008 0
0749+540 15.78969955444336 0.005462784320116043 0
0748+126 3.280100107192993 0.00560373067855835 1
0727-115 7.888539791107178 0.008107969537377357 0
0827+243 11.451800346374512 0.015460903756320477 0
OJ287 12.062000274658203 0.0054621915332973 0
0827+243 13.816399574279785 0.015462972223758698 0
OJ287 13.625100135803223 0.015476050786674023 0
1642+690 2.430030107498169 0.01772070862352848 1
0836+710 3.363369941711426 0.017721019685268402 1
1642+690 4.39132022857666 0.01772148720920086 1
1357+769 4.991730213165283 0.005461917724460363 0
0821+394 5.14939022064209 0.00560402637347579 1
0836+710 4.312310218811035 0.005603927653282881 1
0748+126 7.338669776916504 0.005609253887087107 1
0836+710 10.718400001525879 0.005462374072521925 0
0648-165 11.31760025024414 0.00546246487647295 0
0821+394 6.785379886627197 0.005608957726508379 1
0716+714 12.151800155639648 0.015880754217505455 1
0804+499 11.998000144958496 0.005462282802909613 0
0727-115 9.154150009155273 0.015474624931812286 0
1642+690 22.68280029296875 0.005466940347105265 0
0648-165 8.703880310058594 0.008304745890200138 1
0727-115 6.151189804077148 0.016529817134141922 1
OJ287 5.385859966278076 0.02027001418173313 1
1642+690 22.497800827026367 0.005467718001455069 0
0648-165 6.466139793395996 0.00575218303129077 1
0727-115 2.52662992477417 0.01654783822596073 1
OJ287 13.90999984741211 0.016124427318572998 0
0648-165 5.363070011138916 0.016087975353002548 1
0727-115 2.0699100494384766 0.01653219573199749 1
0738+313 4.154379844665527 0.01866072788834572 1
0748+126 7.0950398445129395 0.008304818533360958 1
0727-115 10.449000358581543 0.005604716017842293 0
OJ287 8.245579719543457 0.00809451099485159 0
0738+313 4.258609771728516 0.018665192648768425 1
0748+126 4.8438801765441895 0.020272525027394295 1
0727-115 9.964030265808105 0.0056042722426354885 0
0738+313 8.271659851074219 0.00809437595307827 0
0727-115 7.852499961853027 0.015878373757004738 1
0955+476 17.887500762939453 0.015478385612368584 0
1519-273 21.149099349975586 0.031727101653814316 0
1622-253 19.653600692749023 0.031163781881332397 0
1749+096 2.30049991607666 0.015878234058618546 1
1751+288 2.6711599826812744 0.015878234058618546 1
0955+476 9.894269943237305 0.00809498317539692 0
0727-115 10.713000297546387 0.008305547758936882 1
0748+126 6.371510028839111 0.02027055248618126 1
0727-115 9.639229774475098 0.008094646036624908 0
0748+126 4.247690200805664 0.02692919224500656 1
OJ287 9.612730026245117 0.005604173988103867 1
0727-115 6.848010063171387 0.019812701269984245 1
0748+126 4.545820236206055 0.01981235481798649 1
0834-201 11.950799942016602 0.0054621915332973 0
0805-077 4.685140132904053 0.017720552161335945 0
0906+015 10.055899620056152 0.019311118870973587 0
0834-201 5.732950210571289 0.00546169001609087 0
OJ287 7.832930088043213 0.008304964751005173 1
0955+476 9.129639625549316 0.0054622371681034565 0
0834-201 13.39739990234375 0.005467215087264776 0
OJ287 8.887040138244629 0.008304891176521778 1
0805-077 7.930170059204102 0.005603977013379335 1
0834-201 12.593199729919434 0.005604518577456474 0
0906+015 11.085800170898438 0.005462145898491144 0
0805-077 5.167019844055176 0.005461644381284714 0
0834-201 10.19540023803711 0.005462008994072676 0
0805-077 3.0954599380493164 0.015877673402428627 1
0834-201 7.007309913635254 0.00546634616330266 0
OJ287 14.180700302124023 0.015880754217505455 1
0834-201 4.0762200355529785 0.008094173856079578 0
3C274 3.313469886779785 0.0027418762911111116 0
0955+476 6.244269847869873 0.005462008994072676 0
1637+574 4.610849857330322 0.005457272753119469 0
0906+015 10.848099708557129 0.016070593148469925 0
0955+476 12.47249984741211 0.016097305342555046 0
0955+326 14.22089958190918 0.008095590397715569 0
0847-120 12.003899574279785 0.008095051161944866 0
0906+015 10.97599983215332 0.005462145898491144 0
0834-201 13.068900108337402 0.005462419707328081 0
0955+476 17.197799682617188 0.0054631950333714485 0
0906+015 10.604299545288086 0.00809471309185028 0
0955+476 19.625200271606445 0.008096940815448761 0
0919-260 15.246199607849121 0.008095590397715569 0
0955+326 18.774900436401367 0.005463331937789917 0
0834-201 8.317049980163574 0.00560402637347579 0
1023+131 17.675399780273438 0.008096198551356792 0
0834-201 5.139890193939209 0.008094173856079578 0
0955+326 13.741800308227539 0.005462647415697575 0
0919-260 13.74940013885498 0.005462419707328081 0
1023+131 17.15719985961914 0.005467626731842756 0
0919-260 10.599100112915039 0.01547358836978674 0
C1G0US-A 2.4678499698638916 0.0056038289330899715 0
1023+131 17.421600341796875 0.00546305812895298 0
0823+033 6.265960216522217 0.020270194858312607 1
0919-260 9.394820213317871 0.03123815730214119 0
1034-293 14.465100288391113 0.031457435339689255 0
1036+054 15.875499725341797 0.008096063509583473 0
1308+326 3.105609893798828 0.0027415072545409203 0
3C274 2.5951900482177734 0.005462282802909613 0
C1G0US-A 2.396559953689575 0.005461051594465971 0
VR422201 2.07027006149292 0.019812528043985367 1
3C345 18.975200653076172 0.005462282802909613 0
1823+568 4.9741902351379395 0.005461780820041895 0
0827+243 8.714920043945312 0.0028128118719905615 0
0805-077 5.657509803771973 0.005598960444331169 1
3C279 4.7192702293396 0.016521941870450974 1
1739+522 4.306779861450195 0.015878234058618546 1
0716+714 6.603859901428223 0.013381369411945343 1
3C273B 8.209449768066406 0.002812488004565239 1
VR422201 0.22074399888515472 0.01649247296154499 1
0738+313 5.345459938049316 0.008095186203718185 0
0738+313 0.5463460087776184 0.01981235481798649 1
0754+100 0.30803701281547546 0.02026965655386448 1
0906+015 12.34570026397705 0.012203781865537167 0
0805-077 8.847249984741211 0.020291175693273544 1
0823+033 11.273699760437012 0.012202968820929527 0
0906+015 13.765899658203125 0.0038621590938419104 0
0823+033 10.052300453186035 0.003911300096660852 1
0917+449 22.96809959411621 0.004459438845515251 0
1015+359 22.30940055847168 0.03672650828957558 0
1005+066 17.41320037841797 0.002742499578744173 1
1637+574 1.9959900379180908 0.017721176147460938 1
1849+670 2.0866100788116455 0.017721019685268402 1
0201+113 3.1442298889160156 0.00809437595307827 0
0149+218 3.113189935684204 0.025061527267098427 1
2010+723 2.2741899490356445 0.013726642355322838 1
0133+476 2.931339979171753 0.013726642355322838 1
0234+285 3.6298599243164062 0.013726763427257538 1
0235+164 2.0906898975372314 0.016077155247330666 0
0406+121 2.2932300567626953 0.01650385744869709 1
0340+362 8.675040245056152 0.01605803705751896 0
0420+022 7.933460235595703 0.016039393842220306 0
0420-014 8.461420059204102 0.016057901084423065 0
0422+004 8.405139923095703 0.019751185551285744 0
0406+121 9.509440422058105 0.002811890561133623 0
0420+022 12.915599822998047 0.016035862267017365 0
0420-014 13.230999946594238 0.01603817008435726 0
0422+004 13.226900100708008 0.013728572987020016 0
0307+380 4.20458984375 0.005461780820041895 0
0300+470 6.8785400390625 0.003560480196028948 0
0340+362 6.381720066070557 0.0035676700063049793 0
0955+476 22.319499969482422 0.0038611600175499916 0
0906+015 9.713580131530762 0.003862030105665326 0
0834-201 8.900620460510254 0.004458272829651833 0
0945+408 19.94059944152832 0.004459116142243147 0
4C39.25 18.681499481201172 0.0038624494336545467 0
4C39.25 10.830499649047852 0.0038637884426862 1
1005+066 6.232699871063232 0.022016774863004684 1
0945+408 10.28969955444336 0.003913143649697304 1
3C120 5.075900077819824 0.003560227807611227 0
0406+121 10.653800010681152 0.0054622371681034565 0
0406+121 12.450400352478027 0.003565480001270771 0
3C120 11.02750015258789 0.004916914738714695 0
0422+004 14.692399978637695 0.01548929326236248 0
0451-282 15.28339958190918 0.008306130766868591 0
3C120 14.755900382995605 0.0035610804334282875 0
0422+004 15.485199928283691 0.0035610487684607506 0
3C120 14.628800392150879 0.015908708795905113 1
0451-282 15.960700035095215 0.003567574778571725 0
3C120 15.225099563598633 0.003564022248610854 0
0451-282 17.05419921875 0.01606813445687294 0
0454-234 16.66510009765625 0.008095725439488888 0
0454-234 16.512100219726562 0.008095725439488888 0
0212+735 6.767789840698242 0.0054622371681034565 0
0RAO150 5.836919784545898 0.005461872089654207 0
0415+379 8.653949737548828 0.005462145898491144 0
0422+004 7.70074987411499 0.0054619633592665195 0
0454-234 9.582799911499023 0.015501396730542183 0
0420+022 8.468059539794922 0.015500875189900398 0
0406+121 9.444009780883789 0.015501266345381737 0
0459+135 6.93366003036499 0.0038776639848947525 0
0420+022 12.949000358581543 0.005462419707328081 0
0506+056 9.703470230102539 0.005462008994072676 0
0420-014 13.889900207519531 0.003472323063760996 0
0906+015 13.662099838256836 0.012203781865537167 0
0834-201 11.208600044250488 0.004460878670215607 0
0919-260 15.636899948120117 0.004458669573068619 0
OK290 20.725000381469727 0.012413891032338142 0
0906+015 13.528599739074707 0.004460953176021576 0
1015+057 19.4606990814209 0.002277191961184144 0
1015+359 22.084400177001953 0.012205545790493488 0
0906+015 11.380200386047363 0.014841997995972633 0
0459+135 11.262200355529785 0.0054621915332973 0
0446+112 12.507599830627441 0.0028120647184550762 0
0507+179 14.750100135803223 0.00546246487647295 0
0506+056 13.187100410461426 0.005462282802909613 0
0446+112 15.969900131225586 0.002812214195728302 0
0459+135 17.015899658203125 0.008095725439488888 0
0506+056 15.324399948120117 0.008095388300716877 0
0458-020 15.367899894714355 0.00809545535594225 0
0506+056 15.77869987487793 0.002812189282849431 0
0459+135 17.512500762939453 0.003569195978343487 0
0458-020 16.4414005279541 0.01931353658437729 0
0506+056 16.99020004272461 0.0035646874457597733 0
3C454.3 16.16010093688965 0.00546634616330266 0
0415+379 13.227299690246582 0.005462647415697575 0
0507+179 8.64346981048584 0.0036560881417244673 0
0536+145 6.6056599617004395 0.0036526399198919535 0
0528+134 7.325920104980469 0.003645569086074829 0
0459+135 9.544440269470215 0.005135881248861551 0
3C120 11.428799629211426 0.00513114919885993 0
0529+483 15.725600242614746 0.01471643429249525 0
0458-020 11.71660041809082 0.01372772827744484 0
0506+056 11.38860034942627 0.005462100263684988 0
0422+004 15.017399787902832 0.0054626017808914185 0
0529+483 19.066999435424805 0.005463423207402229 0
0536+145 10.950300216674805 0.003652673913165927 0
0528+134 11.514300346374512 0.005135407671332359 0
OK290 16.16830062866211 0.004458768758922815 0
0906+015 8.455229759216309 0.004458248149603605 0
1015+057 14.764599800109863 0.016350794583559036 0
1015+359 18.23189926147461 0.012413177639245987 0
1101+384 17.38909912109375 0.012204799801111221 0
0906+015 5.166500091552734 0.014102213084697723 1
1015+359 14.335800170898438 0.01220391783863306 0
1005+066 9.500539779663086 0.010567830875515938 0
1144+402 16.29829978942871 0.012204731814563274 0
0529+483 20.143600463867188 0.015504916198551655 0
0536+145 13.167200088500977 0.005466803442686796 0
0446+112 16.62969970703125 0.005462738685309887 0
0459+135 15.968600273132324 0.005462647415697575 0
0507+179 16.195100784301758 0.008095658384263515 0
0528+134 13.873499870300293 0.0197551678866148 0
0459+135 17.741199493408203 0.005462875589728355 0
0507+179 17.940000534057617 0.005462966859340668 0
0536+145 15.347100257873535 0.00274136895313859 0
0528+134 15.842100143432617 0.005128221586346626 0
0536+145 15.8302001953125 0.008095658384263515 0
0528+134 16.02829933166504 0.008095725439488888 0
0536+145 15.71500015258789 0.0027411612682044506 0
2243-123 13.178400039672852 0.00546169001609087 0
0RAO150 12.623600006103516 0.005462784320116043 0
0602+405 9.073080062866211 0.0056042722426354885 1
0529+483 11.79069995880127 0.005604716017842293 1
0536+145 5.541669845581055 0.003881782293319702 1
2345-167 20.58810043334961 0.005466940347105265 0
0605-085 5.8541998863220215 0.00546169001609087 0
0602+405 14.884400367736816 0.005462693050503731 0
0552+398 15.23390007019043 0.005462738685309887 0
0528+134 10.227899551391602 0.002741668839007616 0
2351+456 23.952199935913086 0.015517186373472214 0
1005+066 4.056920051574707 0.025415075942873955 1
3C274 8.527520179748535 0.009455899707973003 0
3C274 7.44350004196167 0.002276927698403597 0
1005+066 18.682100296020508 0.0022384689655154943 1
1040+244 17.818599700927734 0.012204527854919434 0
0529+483 20.97599983215332 0.005463742651045322 0
0552+398 18.941600799560547 0.005463240668177605 0
0602+405 20.340299606323242 0.015491893514990807 0
0605-085 8.6970796585083 0.013727004639804363 0
0605-085 9.746489524841309 0.008304818533360958 0
0506+056 16.305500030517578 0.008306130766868591 0
0536+145 15.746700286865234 0.002811641665175557 0
0607-157 9.553580284118652 0.005461598746478558 0
2201+171 11.479499816894531 0.0028151064179837704 1
2328+107 13.358799934387207 0.002813908504322171 0
0633+734 13.602299690246582 0.01931547187268734 0
0642+449 10.497200012207031 0.01931176334619522 0
2135+508 16.43470001220703 0.013750468380749226 0
0446+112 10.588399887084961 0.01551431231200695 0
0506+056 9.151040077209473 0.015487603843212128 0
2010+723 21.851600646972656 0.013741020113229752 0
2328+107 22.481000900268555 0.0028151313308626413 0
0536+145 11.63860034942627 0.0080948481336236 0
0529+483 20.747100830078125 0.00809707585722208 0
2007+777 24.615800857543945 0.008103092201054096 0
2328+107 22.954099655151367 0.015507655218243599 0
1023+131 14.490300178527832 0.002275765873491764 0
1015+057 8.30636978149414 0.002237076638266444 0
1040+244 5.962629795074463 0.014101970940828323 1
1144+402 8.339139938354492 0.013924166560173035 1
1023+131 2.835939884185791 0.01056752260774374 0
1101+384 4.927999973297119 0.010567743331193924 0
1036+054 18.527099609375 0.012204392813146114 0
1038+064 18.05190086364746 0.0022756208200007677 0
0602+405 20.736299514770508 0.008096940815448761 0
0016+731 24.583799362182617 0.008103160187602043 0
0642+449 21.17959976196289 0.008097143843770027 0
0657+172 12.13860034942627 0.0028138337656855583 1
0657+172 12.383399963378906 0.0038820442277938128 1
0133+476 21.06839942932129 0.019327906891703606 0
0657+172 10.924400329589844 0.0028133599553257227 1
0716+714 8.481260299682617 0.013728694058954716 1
0657+172 2.824779987335205 0.0038788393139839172 1
CTA102 15.634599685668945 0.0028157560154795647 1
0340+362 14.822799682617188 0.005467534996569157 0
0356+322 14.305000305175781 0.005467397626489401 0
0528+134 7.124390125274658 0.00546634616330266 0
2007+777 21.223100662231445 0.005470968782901764 0
3C454.3 19.584400177001953 0.005472756922245026 0
0657+172 7.201769828796387 0.00546634616330266 0
0403-132 16.508800506591797 0.015490333549678326 0
1038+064 14.825200080871582 0.012203714810311794 0
1036+054 9.331600189208984 0.010702606290578842 1
1144+402 12.154600143432617 0.012203781865537167 0
1036+054 3.1898601055145264 0.017491567879915237 1
1055+018 15.119400024414062 0.011108560487627983 0
1055+018 9.765729904174805 0.012203171849250793 0
1156+295 9.887069702148438 0.012863462790846825 1
0420-014 14.958999633789062 0.015502569265663624 0
0528+134 11.121899604797363 0.0027405160944908857 0
0716+714 23.10650062561035 0.00561221968382597 1
1803+784 23.84480094909668 0.005471931304782629 0
1928+738 23.562700271606445 0.005472435615956783 0
0048-097 25.377899169921875 0.005471518728882074 0
0722+145 8.515089988708496 0.005613852757960558 1
0749+540 22.081499099731445 0.005468587391078472 0
1803+784 24.653600692749023 0.005472527351230383 0
2007+777 24.68670082092285 0.005477257538586855 0
0059+581 25.979299545288086 0.00547174783423543 0
0016+731 25.382999420166016 0.005472252145409584 0
0722+145 10.127599716186523 0.002813733881339431 1
0133+476 24.00029945373535 0.00547165609896183 0
0106+612 23.226499557495117 0.005471976939588785 0
0738+313 16.023700714111328 0.002812089631333947 0
0059+581 22.162099838256836 0.0056148432195186615 1
0212+735 19.464599609375 0.0054710605181753635 0
0657+172 11.740699768066406 0.0028128616977483034 1
0738+313 13.798299789428711 0.0027407463639974594 0
3C273B 5.425950050354004 0.013041958212852478 1
1403+411 4.814350128173828 0.003860419150441885 0
1324+224 3.117180109024048 0.010941524989902973 0
1403+411 1.3519999980926514 0.010568139143288136 0
3C279 3.635010004043579 0.010567830875515938 0
3C418 13.392000198364258 0.005470144096761942 0
0836+710 14.121299743652344 0.0054679010063409805 0
3C454.3 15.027999877929688 0.00281370896846056 0
0722+145 4.6862897872924805 0.008304454386234283 1
0657+172 4.649670124053955 0.015499573200941086 1
0836+710 18.08839988708496 0.01373243611305952 0
0836+710 22.99970054626465 0.013386066071689129 0
0633+734 23.56450080871582 0.015496187843382359 0
0RAO150 23.336999893188477 0.01551300659775734 0
0736+017 3.5789899826049805 0.01589169353246689 1
0836+710 25.220600128173828 0.015497359447181225 0
0212+735 26.465200424194336 0.015500875189900398 0
0727-115 2.2656900882720947 0.018731718882918358 1
0106+013 26.063100814819336 0.015502178110182285 0
0748+126 9.47838020324707 0.008094443939626217 0
0657+172 11.432900428771973 0.01548773329705 0
0814+425 20.902000427246094 0.008096737787127495 0
0106+013 25.351600646972656 0.005476383958011866 0
0804+499 22.041200637817383 0.005468587391078472 0
0736+017 6.315070152282715 0.0038787086959928274 1
0736+017 6.521200180053711 0.0028126623947173357 1
2351+456 18.915199279785156 0.005470144096761942 0
0657+172 5.701310157775879 0.003883616765961051 1
2135+508 19.947099685668945 0.008103160187602043 0
3C454.3 20.42180061340332 0.005465615075081587 0
3C371 23.704299926757812 0.015999332070350647 0
4C39.25 21.642499923706055 0.008097007870674133 0
1803+784 25.78569984436035 0.008103769272565842 0
0300+470 26.084400177001953 0.0054749599657952785 0
0804+499 22.50589942932129 0.005468541756272316 0
0716+714 25.818500518798828 0.005470281466841698 0
0738+313 16.43829917907715 0.008095793426036835 0
1357+769 22.98259925842285 0.008102010004222393 0
0607-157 9.59607982635498 0.013727366924285889 0
0722+145 10.46660041809082 0.01372772827744484 0
OJ287 11.7923002243042 0.01890360191464424 1
0748+126 6.780250072479248 0.015907300636172295 1
2010+723 14.29539966583252 0.013734610751271248 0
0804+499 11.532400131225586 0.013728814199566841 0
0754+100 6.849830150604248 0.015892114490270615 0
0955+476 21.094200134277344 0.008097480982542038 0
1849+670 22.11199951171875 0.008103566244244576 0
0633+734 24.357200622558594 0.008099440485239029 0
0748+126 8.426079750061035 0.0028171814046800137 1
0917+449 22.298599243164062 0.018252020701766014 0
0016+731 26.031299591064453 0.005476797930896282 0
0754+100 8.418129920959473 0.0028182081878185272 1
1928+738 24.40920066833496 0.005473307333886623 0
0528+134 16.25510025024414 0.005498300772160292 0
0945+408 21.606199264526367 0.015493194572627544 0
1150+812 20.7450008392334 0.008100859820842743 0
0059+581 15.627400398254395 0.0137388426810503 0
OK290 11.826700210571289 0.015489553101360798 0
0506-612 11.843999862670898 0.023025598376989365 0
1015+359 18.544700622558594 0.015492544509470463 0
1842+681 22.840200424194336 0.0056160818785429 0
2309+454 23.749300003051758 0.015508698299527168 0
1044+719 26.623899459838867 0.008101062849164009 0
0836+710 26.24650001525879 0.005470327101647854 0
0823+033 7.717160224914551 0.002813260303810239 0
1357+769 26.527000427246094 0.005472160410135984 0
0906+015 10.133500099182129 0.005466529168188572 0
0808+019 5.461639881134033 0.002815381158143282 1
4C39.25 10.905900001525879 0.008095658384263515 0
0955+476 10.806599617004395 0.008095995523035526 0
VR422201 11.998499870300293 0.0056120711378753185 1
VR422201 18.093299865722656 0.005614942405372858 1
1823+689 20.21769905090332 0.008102619089186192 0
1023+131 18.886499404907227 0.008096737787127495 0
0925+504 20.564899444580078 0.005468450020998716 0
0003-066 24.185300827026367 0.005472023040056229 0
1128+385 24.40169906616211 0.004462543874979019 0
1005+066 18.890100479125977 0.004537924658507109 1
1015+057 19.979799270629883 0.004463986959308386 0
1150+497 26.246599197387695 0.014105045236647129 0
0048-097 26.74180030822754 0.004463663790374994 0
0201+113 26.349700927734375 0.012644195929169655 0
0919-260 15.88479995727539 0.012632051482796669 0
0827+243 15.163800239562988 0.002889581024646759 1
0122-003 26.78700065612793 0.006612981203943491 0
0604+728 26.306699752807617 0.012644337490200996 0
0642+449 21.34079933166504 0.00446172384545207 0
0749+540 23.446699142456055 0.0044620465487241745 0
1036+054 19.469100952148438 0.0028886361978948116 0
1144+402 23.93429946899414 0.014103788882493973 0
1038+064 17.70789909362793 0.019940774887800217 0
0906+430 19.996599197387695 0.019941994920372963 0
0235+164 20.67340087890625 0.006611694116145372 0
1015+057 12.43529987335205 0.006609379313886166 0
1023+131 13.355799674987793 0.0066095259971916676 0
0827+243 11.215700149536133 0.002889581024646759 1
1144+402 17.196199417114258 0.006610628217458725 0
3C454.3 15.228300094604492 0.0022764522582292557 0
1123+264 16.59589958190918 0.012634308077394962 0
0821+394 13.194899559020996 0.012639178894460201 0
0738+313 10.432999610900879 0.0022759109269827604 0
1040+244 17.793800354003906 0.002889581024646759 1
VR422201 18.972200393676758 0.012640520930290222 0
0234+285 20.931900024414062 0.012213083915412426 0
0RAO150 20.7898006439209 0.0126345194876194 0
0106+013 25.715599060058594 0.012645257636904716 0
CTA26 20.438800811767578 0.012640591710805893 0
1055+018 21.91900062561035 0.012634167447686195 0
1123+264 24.729700088500977 0.004457529168576002 0
OJ287 15.726900100708008 0.012631909921765327 0
1642+690 25.289499282836914 0.012859072536230087 0
0307+380 25.822200775146484 0.012650423683226109 0
0743-006 3.9745399951934814 0.00545695424079895 0
1823+689 24.256799697875977 0.004460158757865429 0
3C84 25.690200805664062 0.006611841265112162 0
1156+295 25.160499572753906 0.006611657328903675 0
0805-077 3.7017099857330322 0.004462519194930792 0
0106+612 25.478099822998047 0.0044637881219387054 0
0212+735 24.07069969177246 0.011114447377622128 0
0834-201 6.003699779510498 0.012202425859868526 0
0821+394 17.804100036621094 0.004461475182324648 0
1055+018 16.86389923095703 0.0045378198847174644 1
0133+476 18.25 0.012644832953810692 0
1036+054 11.666799545288086 0.012631840072572231 0
1038+064 11.424300193786621 0.004537506494671106 0
1005+066 9.301289558410645 0.0128556527197361 1
0059+581 10.663700103759766 0.012640167959034443 0
0133+476 11.838399887084961 0.012640026398003101 0
1055+018 12.89900016784668 0.011109392158687115 0
1156+295 14.622300148010254 0.01111054327338934 0
0322+222 13.875399589538574 0.006609709933400154 0
CTA26 12.946499824523926 0.0066095259971916676 0
1239+376 19.517799377441406 0.006611804477870464 0
1045-188 18.27680015563965 0.0044617485255002975 0
1642+690 20.278400421142578 0.006613017991185188 0
0003-066 22.957599639892578 0.00446356413885951 0
0322+222 20.603500366210938 0.00227610906586051 0
0808+019 8.154250144958496 0.015102553181350231 1
0RAO140 23.560199737548828 0.010923714376986027 0
0422+004 17.659099578857422 0.012210909277200699 0
1034-293 21.811100006103516 0.012640944682061672 0
0827+243 15.099499702453613 0.0028895270079374313 1
0340+362 25.156200408935547 0.0044623203575611115 0
0420+022 19.57659912109375 0.004463937599211931 0
2010+723 25.015199661254883 0.004541223403066397 0
1101+384 25.311399459838867 0.004538866225630045 0
0149+218 26.574800491333008 0.0022768748458474874 0
1222+216 24.961999893188477 0.012643418274819851 0
OJ287 14.19219970703125 0.01263169851154089 1
0346-279 20.203699111938477 0.006610665004700422 0
0234+285 22.61039924621582 0.006611914839595556 0
1044+719 22.23740005493164 0.006725019309669733 1
1928+738 19.63759994506836 0.0045403847470879555 0
3C371 19.228500366210938 0.006726644933223724 0
0201+113 16.99690055847168 0.00223790411837399 0
1123+264 13.222599983215332 0.012632756493985653 0
1222+216 13.6850004196167 0.012850230559706688 0
1239+376 13.483200073242188 0.012850675731897354 0
2309+454 10.895099639892578 0.011110414750874043 0
0356+322 15.072099685668945 0.006609820295125246 0
0406+121 12.951000213623047 0.004461077507585287 0
3C274 20.885799407958984 0.004462743178009987 0
1036+054 21.262800216674805 0.015240966342389584 0
2309+454 24.368999481201172 0.012641863897442818 0
0458-020 14.5693998336792 0.011108113452792168 0
0356+322 23.197500228881836 0.0126345194876194 0
1308+326 27.136199951171875 0.012856321409344673 0
0059+581 26.876800537109375 0.006613533012568951 0
0648-165 6.266280174255371 0.012847633101046085 1
0727-115 2.388240098953247 0.01510229054838419 1
3C274 26.59469985961914 0.006611951626837254 0
2351+456 23.816499710083008 0.011116753332316875 0
0202+149 25.72369956970215 0.002276756102219224 0
3C273B 23.79210090637207 0.012635789811611176 0
0454-234 15.894100189208984 0.012632474303245544 0
0119+115 21.5856990814209 0.0028894999995827675 1
1327+321 20.62779998779297 0.012643630616366863 0
1149-084 17.096799850463867 0.012633250094950199 0
0836+710 13.503899574279785 0.012205341830849648 0
0119+115 14.463299751281738 0.012641015462577343 0
2351+456 16.132099151611328 0.012636072002351284 0
1327+321 17.321500778198242 0.00446291733533144 0
0917+624 20.269100189208984 0.004462146200239658 0
0119+115 21.920400619506836 0.0022766899783164263 0
3C371 21.575700759887695 0.00446408661082387 0
2351+456 24.2814998626709 0.011115663684904575 0
0119+115 25.429399490356445 0.012209143489599228 0
0235+164 24.280099868774414 0.0022767428308725357 0
1308+326 26.72760009765625 0.01221022941172123 0
3C273B 26.57379913330078 0.010936488397419453 0
2351+456 25.725200653076172 0.011116689071059227 0
0917+624 26.098499298095703 0.004462569020688534 0
0836+710 26.988800048828125 0.004539416171610355 0
0122-003 26.979000091552734 0.006613017991185188 0
0149+218 27.244800567626953 0.00227712607011199 0
1327+321 26.801300048828125 0.006612981203943491 0
0605-085 10.168299674987793 0.012202832847833633 0
0234+285 24.466800689697266 0.0022767295595258474 0
1324+224 23.87700080871582 0.0044605061411857605 0
3C279 22.91699981689453 0.004459935240447521 0
0836+710 20.3971004486084 0.00454151164740324 0
1324+224 18.42099952697754 0.012635436840355396 0
3C279 16.912700653076172 0.00445931451395154 0
0201+113 15.588199615478516 0.006610371172428131 0
1213-172 18.92889976501465 0.006611363496631384 0
1308+326 19.499900817871094 0.006725367624312639 0
0506+056 10.462800025939941 0.012202968820929527 0
0605-085 4.778289794921875 0.015499833039939404 0
1928+738 22.94930076599121 0.012647449970245361 0
0201+113 25.404399871826172 0.011112462729215622 0
2007+777 24.944499969482422 0.012211996130645275 0
2010+723 24.652299880981445 0.01242203637957573 0
1403+411 26.346599578857422 0.012211792171001434 0
0202+149 26.619300842285156 0.012209075503051281 0
0215+015 24.1835994720459 0.011112718842923641 0
0202+149 23.537200927734375 0.012651415541768074 0
3C273B 21.43320083618164 0.01264907792210579 0
1044+719 19.015300750732422 0.006611289922147989 0
1156+295 16.739099502563477 0.006610407959669828 0
0834-201 4.634950160980225 0.01285513211041689 0
3C273B 15.28030014038086 0.0066101509146392345 0
1403+411 16.031400680541992 0.006611179560422897 0
0201+113 7.381549835205078 0.005723731592297554 0
0202+149 8.673489570617676 0.010933240875601768 0
0202+319 11.209099769592285 0.01263988483697176 0
1928+738 12.616999626159668 0.006611620541661978 0
3C279 14.588700294494629 0.006724439095705748 1
0202+149 17.361000061035156 0.015098962001502514 0
0536+145 8.617520332336426 0.010567787103354931 0
0RAO140 17.346399307250977 0.012205002829432487 0
2010+723 19.32710075378418 0.012210637331008911 0
3C279 21.90239906311035 0.014849989674985409 0
0528+134 11.85260009765625 0.0111077930778265 0
0202+319 26.021299362182617 0.006612245924770832 0
1150+812 26.892900466918945 0.00661312835291028 0
3C371 24.528099060058594 0.006614711135625839 0
1044+719 26.86280059814453 0.012209346517920494 0
1156+295 26.069900512695312 0.012207853607833385 0
3C279 26.753799438476562 0.0122086675837636 0
0133+476 25.671499252319336 0.00446105282753706 0
0528+134 15.107799530029297 0.01263910811394453 0
0059+581 24.34239959716797 0.012210501357913017 0
0202+319 22.634700775146484 0.011113166809082031 0
1642+690 19.78459930419922 0.01221022941172123 0
1150+812 15.858499526977539 0.004459761548787355 0
1642+690 14.1673002243042 0.004541747737675905 1
3C371 12.426799774169922 0.00454166904091835 1
3C279 11.353099822998047 0.01241289172321558 1
0202+319 2.085010051727295 0.015101151540875435 1
3C274 4.719799995422363 0.014844161458313465 0
3C274 7.24862003326416 0.004461599513888359 0
0528+134 5.997900009155273 0.003911267034709454 1
0RAO140 12.301400184631348 0.004458793438971043 0
3C279 16.23979949951172 0.004536408931016922 1
1354-152 16.70639991760254 0.004462991841137409 0
3C371 18.618200302124023 0.016085628420114517 0
0648-165 3.9360599517822266 0.027302507311105728 1
0106+612 23.510499954223633 0.01608338952064514 0
0016+731 24.651599884033203 0.012210773304104805 0
0506+056 13.577099800109863 0.012638755142688751 0
1239+376 26.550899505615234 0.012209550477564335 0
1508+572 25.16950035095215 0.012212675996124744 0
1642+690 25.116899490356445 0.012213015928864479 0
3C274 26.859399795532227 0.004460381809622049 0
1514+197 23.675899505615234 0.01221321988850832 0
0648-165 7.550690174102783 0.010937036946415901 0
0507+179 16.838300704956055 0.012639673426747322 0
1351-018 23.222200393676758 0.012644479051232338 0
0642+449 15.751199722290039 0.012413248419761658 0
1514+197 17.700199127197266 0.012209143489599228 0
1354-152 10.452099800109863 0.005464747082442045 0
1508+572 15.559599876403809 0.012209754437208176 0
1351-018 18.306400299072266 0.014958078041672707 0
1239+376 20.26919937133789 0.014956205151975155 0
0507+179 13.812700271606445 0.011108176782727242 0
3C279 25.020599365234375 0.01867363415658474 0
1637+574 23.237899780273438 0.012213831767439842 0
0300+470 26.305200576782227 0.012208396568894386 0
0212+735 26.954599380493164 0.014959326945245266 0
1803+784 24.16360092163086 0.013742350973188877 0
1637+574 20.113800048828125 0.006613680627197027 0
3C273B 20.46980094909668 0.019077831879258156 0
1354-152 21.547700881958008 0.008099980652332306 0
3C274 19.985300064086914 0.008308391086757183 1
1637+574 14.8056001663208 0.019947323948144913 0
1502+106 14.594099998474121 0.004462444689124823 0
1413+135 12.946800231933594 0.005470556207001209 0
1219+044 16.805700302124023 0.005464747082442045 0
1413+135 19.721599578857422 0.01867794431746006 0
0340+362 22.090700149536133 0.006610885728150606 0
0743-006 5.591440200805664 0.008100994862616062 0
1219+044 25.517499923706055 0.008099845610558987 0
1334-127 26.421300888061523 0.015499833039939404 0
3C279 26.73590087890625 0.005470556207001209 0
0736+017 3.567229986190796 0.022012950852513313 1
1413+135 25.47570037841797 0.008102551102638245 0
0743-006 1.2350499629974365 0.03853694722056389 1
1636+473 19.451900482177734 0.005468038376420736 0
1357+769 18.50550079345703 0.00661173090338707 0
1636+473 15.58180046081543 0.008100994862616062 0
1502+036 16.079299926757812 0.008099372498691082 0
1357+769 10.41100025177002 0.01791537180542946 1
1334-127 12.175299644470215 0.005464792717248201 0
3C279 14.112500190734863 0.008309193886816502 1
CE0-A 18.04490089416504 0.018847573548555374 0
0748+126 9.86238956451416 0.004534607287496328 1
0727-115 3.0194199085235596 0.025429222732782364 1
0754+100 9.227709770202637 0.005461826454848051 1
0808+019 5.959859848022461 0.03478168696165085 1
1502+036 24.39240074157715 0.008104514330625534 0
3C279 26.2091007232666 0.005465751979500055 0
0748+126 7.80033016204834 0.006759741343557835 1
0805-077 3.1977601051330566 0.031946178525686264 1
0754+100 6.440579891204834 0.015499703586101532 0
OQ172 23.441099166870117 0.005467397626489401 0
0727-115 4.400700092315674 0.02585049532353878 1
0808+019 1.723960041999817 0.022016316652297974 1
3C279 18.919700622558594 0.012206020765006542 0
0604+728 12.368499755859375 0.006610224023461342 0
3C279 10.269800186157227 0.0066096363589167595 0
0537-441 10.899299621582031 0.018787585198879242 0
1510-089 16.9601993560791 0.01884843036532402 0
OJ287 6.1451802253723145 0.012411108240485191 1
3C345 12.407500267028809 0.010570870712399483 0
1424-418 13.431300163269043 0.018804149702191353 0
1150+497 14.79419994354248 0.004462295211851597 0
0607-157 2.861799955368042 0.02442501112818718 1
0805-077 7.565179824829102 0.004131108522415161 1
OJ287 15.16100025177002 0.004463663790374994 0
0607-157 5.88424015045166 0.016031796112656593 1
0648-165 4.00492000579834 0.025865232571959496 1
OK290 20.520099639892578 0.012640520930290222 0
0607-157 8.584039688110352 0.025865977630019188 1
0642+449 21.065900802612305 0.012205138802528381 0
0754+100 7.414480209350586 0.0038635623641312122 0
OJ287 13.667900085449219 0.012645681388676167 0
0607-157 11.032400131225586 0.01603253372013569 1
0722+145 8.032520294189453 0.00391295924782753 1
1128+385 20.76460075378418 0.010569768957793713 0
1424-418 19.93000030517578 0.01879490539431572 0
0805-077 2.3322699069976807 0.022007225081324577 1
1128+385 15.696200370788574 0.003862513927742839 0
0646-306 11.074600219726562 0.01629994623363018 0
3C345 15.059399604797363 0.009459726512432098 0
1611+343 6.947120189666748 0.010568755678832531 0
1508+572 5.431089878082275 0.003911467734724283 1
1150+497 8.417460441589355 0.01144290342926979 1
0642+449 10.794599533081055 0.012203849852085114 0
0648-165 2.8559000492095947 0.022007133811712265 1
0642+449 15.973600387573242 0.004458967130631208 0
0827+243 14.383600234985352 0.004458669573068619 0
0722+145 10.015000343322754 0.00453721871599555 1
1150+497 26.263099670410156 0.0044605061411857605 0
0648-165 5.9563798904418945 0.012202425859868526 0
0805-077 4.9192399978637695 0.022016407921910286 1
0748+126 8.883270263671875 0.01393038872629404 0
1642+690 24.77829933166504 0.012212472036480904 0
0736+017 2.5154500007629395 0.022007225081324577 1
0743-006 1.9186999797821045 0.014102092012763023 1
0648-165 7.464029788970947 0.010937036946415901 0
0906+015 9.105890274047852 0.010937083512544632 0
1040+244 19.12030029296875 0.010938501916825771 0
0716+714 21.05699920654297 0.012206902727484703 0
1150+497 19.948699951171875 0.012206291779875755 0
1642+690 19.63319969177246 0.01057214941829443 0
1611+343 17.87820053100586 0.010572678409516811 0
0716+714 15.49590015411377 0.012414319440722466 1
0919-260 6.905980110168457 0.003860419150441885 0
1642+690 13.944000244140625 0.003912389278411865 1
OJ287 4.7169599533081055 0.016031796112656593 1
0716+714 11.750800132751465 0.016034657135605812 1
0919-260 11.06779956817627 0.012638966552913189 0
0648-165 2.711980104446411 0.025850346311926842 1
0727-115 4.617149829864502 0.025850346311926842 1
0736+017 6.898069858551025 0.0128624951466918 1
1324+574 23.907899856567383 0.004537584725767374 0
0727-115 3.3552401065826416 0.025865232571959496 1
1005+066 18.513900756835938 0.002741046017035842 1
0727-115 2.698699951171875 0.025415359064936638 1
1023+131 20.187299728393555 0.01510036364197731 0
1036+054 18.45560073852539 0.004458942450582981 0
1510-089 23.56679916381836 0.004466727841645479 0
1123+264 22.1033992767334 0.002237615641206503 0
0834-201 7.321700096130371 0.004460729658603668 0
0748+126 6.379590034484863 0.012856483459472656 1
OJ287 10.178600311279297 0.012856591492891312 1
1642+690 17.791900634765625 0.004465456586331129 0
0743-006 2.810149908065796 0.022016407921910286 1
0834-201 5.429930210113525 0.004458223003894091 0
0722+145 5.938680171966553 0.015102465637028217 1
0808+019 7.945940017700195 0.0027411843184381723 1
0834-201 10.23289966583252 0.0044583966955542564 0
0738+313 14.659299850463867 0.0038622880820184946 0
0743-006 6.376309871673584 0.015097911469638348 0
1504-166 22.08530044555664 0.01221927348524332 0
1327+321 24.895200729370117 0.012210637331008911 0
1403+411 25.13409996032715 0.01221165619790554 0
0814+425 20.785400390625 0.012205002829432487 0
0917+624 25.055999755859375 0.011111822910606861 0
0804+499 21.92460060119629 0.012205613777041435 0
0925+504 23.184200286865234 0.012206020765006542 0
0954+658 23.912099838256836 0.012207377701997757 0
0743-006 0.6944959759712219 0.025850197300314903 1
1508+572 20.068099975585938 0.004463041666895151 0
0823+033 1.6254700422286987 0.011107026599347591 1
1611+343 17.503599166870117 0.012209482491016388 0
1044+719 13.823599815368652 0.004461624193936586 0
1508+572 12.967300415039062 0.004459438845515251 0
0954+658 10.845199584960938 0.014848156832158566 1
1044+719 10.793499946594238 0.010703429579734802 1
3C345 9.202910423278809 0.004461648873984814 0
0743-006 8.137929916381836 0.012638119049370289 0
0743-006 7.831500053405762 0.012202629819512367 0
0919-260 14.609999656677246 0.012639249674975872 0
0821+394 19.553499221801758 0.003862562123686075 0
0808+019 8.921649932861328 0.025851238518953323 1
0754+100 10.248299598693848 0.004534607287496328 1
0827+243 16.42140007019043 0.004458669573068619 0
0906+430 21.965900421142578 0.012205613777041435 0
0805-077 5.945419788360596 0.01634938269853592 1
OJ287 15.14900016784668 0.002277694409713149 1
0808+019 5.049570083618164 0.031135642901062965 1
0823+033 6.811820030212402 0.012862569652497768 1
0805-077 4.0342302322387695 0.012855456210672855 1
0808+019 5.052299976348877 0.01285567320883274 1
1038+064 18.514299392700195 0.0022764126770198345 0
1514+197 21.8971004486084 0.01221131719648838 0
0827+243 10.386799812316895 0.002742499578744173 1
1023+131 14.097800254821777 0.0027425687294453382 1
1514+197 17.969100952148438 0.010571664199233055 0
1611+343 16.670799255371094 0.010572017170488834 0
1040+244 11.047699928283691 0.01220323983579874 0
0906+430 11.00160026550293 0.012203307822346687 0
0805-077 6.654200077056885 0.031135642901062965 1
0637-752 10.594900131225586 0.025535792112350464 0
1633+38 2.5278899669647217 0.01634938269853592 1
DA426 1.378999948501587 0.020204894244670868 1
1849+670 2.0476300716400146 0.01635861024260521 1
0827+243 0.7704460024833679 0.01241089403629303 1
1954+513 3.731100082397461 0.012637907639145851 1
OJ287 15.941300392150879 0.00223824311979115 0