5.177589893341064453e+00 2.248895540833473206e-02 1.000000000000000000e+00
1.215900039672851562e+01 1.586578600108623505e-02 1.000000000000000000e+00
9.364119529724121094e+00 2.813634229823946953e-03 0.000000000000000000e+00
4.982580184936523438e+00 1.323788240551948547e-02 0.000000000000000000e+00
2.323680073022842407e-01 1.996314898133277893e-02 1.000000000000000000e+00
1.131299972534179688e+00 8.308901451528072357e-03 0.000000000000000000e+00
2.312829971313476562e+00 8.308756165206432343e-03 0.000000000000000000e+00
3.015360116958618164e+00 8.308756165206432343e-03 0.000000000000000000e+00
3.802529871463775635e-01 1.651986315846443176e-02 1.000000000000000000e+00
4.762790203094482422e+00 5.461735650897026062e-03 0.000000000000000000e+00
6.645669937133789062e+00 1.546155009418725967e-02 0.000000000000000000e+00
9.384989738464355469e+00 1.547734811902046204e-02 0.000000000000000000e+00
3.448339939117431641e+00 2.506108582019805908e-02 1.000000000000000000e+00
4.434720039367675781e+00 1.650370843708515167e-02 1.000000000000000000e+00
6.338749885559082031e+00 5.461644381284713745e-03 0.000000000000000000e+00
7.249199867248535156e+00 1.649793982505798340e-02 1.000000000000000000e+00
4.107349872589111328e+00 8.098156191408634186e-03 0.000000000000000000e+00
2.051399946212768555e+00 8.098156191408634186e-03 0.000000000000000000e+00
3.858680009841918945e+00 8.098156191408634186e-03 0.000000000000000000e+00
3.235539913177490234e+00 2.506108582019805908e-02 1.000000000000000000e+00
2.087980031967163086e+00 2.506086602807044983e-02 1.000000000000000000e+00
4.517570018768310547e+00 8.308828808367252350e-03 0.000000000000000000e+00
6.069089889526367188e+00 8.098224177956581116e-03 0.000000000000000000e+00
7.055669784545898438e+00 8.098224177956581116e-03 0.000000000000000000e+00
1.883380055427551270e+00 1.547358836978673935e-02 0.000000000000000000e+00
2.707779884338378906e+00 5.603780038654804230e-03 1.000000000000000000e+00
4.294690132141113281e+00 1.547384727746248245e-02 0.000000000000000000e+00
5.268149852752685547e+00 1.547410711646080017e-02 0.000000000000000000e+00
6.160470008850097656e+00 1.548734400421380997e-02 0.000000000000000000e+00
4.034349918365478516e+00 1.772164180874824524e-02 1.000000000000000000e+00
4.897689819335937500e+00 8.098156191408634186e-03 0.000000000000000000e+00
4.637320041656494141e+00 8.098156191408634186e-03 0.000000000000000000e+00
5.416240215301513672e+00 8.095118217170238495e-03 0.000000000000000000e+00
6.747620105743408203e+00 1.337947044521570206e-02 0.000000000000000000e+00
2.368690013885498047e+00 7.730645593255758286e-03 1.000000000000000000e+00
3.449029922485351562e+00 8.305547758936882019e-03 0.000000000000000000e+00
6.021190166473388672e+00 8.095118217170238495e-03 0.000000000000000000e+00
6.840390205383300781e+00 1.337891165167093277e-02 0.000000000000000000e+00
3.047909975051879883e+00 1.372652221471071243e-02 1.000000000000000000e+00
4.043019771575927734e+00 1.372676342725753784e-02 1.000000000000000000e+00
5.013390064239501953e+00 1.372700463980436325e-02 1.000000000000000000e+00
1.174780011177062988e+00 1.652505993843078613e-02 1.000000000000000000e+00
2.897020101547241211e+00 1.651956699788570404e-02 1.000000000000000000e+00
1.530329990386962891e+01 8.134814910590648651e-03 0.000000000000000000e+00
4.077859878540039062e+00 1.650874316692352295e-02 1.000000000000000000e+00
7.549530029296875000e+00 1.727209985256195068e-02 0.000000000000000000e+00
1.922369956970214844e+00 1.930966787040233612e-02 0.000000000000000000e+00
4.474749863147735596e-01 1.981235481798648834e-02 1.000000000000000000e+00
4.099259853363037109e+00 1.981287635862827301e-02 1.000000000000000000e+00
7.546450138092041016e+00 1.608002930879592896e-02 0.000000000000000000e+00
6.579319953918457031e+00 1.546155009418725967e-02 0.000000000000000000e+00
3.419090032577514648e+00 3.568718908354640007e-03 1.000000000000000000e+00
5.892600059509277344e+00 1.772179827094078064e-02 1.000000000000000000e+00
8.557959556579589844e+00 1.772288791835308075e-02 1.000000000000000000e+00
9.834030151367187500e+00 1.772366836667060852e-02 1.000000000000000000e+00
9.005209922790527344e+00 5.462145898491144180e-03 0.000000000000000000e+00
6.827859878540039062e+00 1.546142064034938812e-02 0.000000000000000000e+00
3.484730005264282227e+00 2.148158848285675049e-02 1.000000000000000000e+00
6.753520011901855469e+00 5.609401967376470566e-03 1.000000000000000000e+00
7.983029842376708984e+00 5.462556146085262299e-03 0.000000000000000000e+00
9.415040016174316406e+00 1.546051539480686188e-02 0.000000000000000000e+00
5.440519809722900391e+00 5.461826454848051071e-03 0.000000000000000000e+00
1.960580062866210938e+01 2.572454512119293213e-02 0.000000000000000000e+00
3.705420017242431641e+00 1.981252804398536682e-02 1.000000000000000000e+00
5.134439945220947266e+00 1.981287635862827301e-02 1.000000000000000000e+00
5.868539810180664062e+00 1.772133074700832367e-02 1.000000000000000000e+00
7.450860023498535156e+00 1.372724585235118866e-02 1.000000000000000000e+00
8.573510169982910156e+00 1.337935868650674820e-02 1.000000000000000000e+00
9.820309638977050781e+00 5.604420322924852371e-03 1.000000000000000000e+00
4.997519969940185547e+00 1.586396992206573486e-02 1.000000000000000000e+00
4.424210071563720703e+00 1.372652221471071243e-02 1.000000000000000000e+00
7.739240169525146484e+00 5.461917724460363388e-03 0.000000000000000000e+00
4.839330196380615234e+00 1.337824203073978424e-02 0.000000000000000000e+00
7.006780147552490234e+00 1.587823405861854553e-02 1.000000000000000000e+00
4.229219913482666016e+00 1.372640114277601242e-02 1.000000000000000000e+00
1.070709991455078125e+01 2.741092117503285408e-03 0.000000000000000000e+00
1.077680015563964844e+01 2.812413265928626060e-03 0.000000000000000000e+00
6.162340164184570312e+00 1.372748706489801407e-02 1.000000000000000000e+00
4.987189769744873047e+00 1.652298122644424438e-02 1.000000000000000000e+00
3.884779930114746094e+00 8.305547758936882019e-03 1.000000000000000000e+00
3.187969923019409180e+00 8.095118217170238495e-03 0.000000000000000000e+00
2.242660045623779297e+00 1.372640114277601242e-02 1.000000000000000000e+00
1.153499984741210938e+01 2.741322852671146393e-03 0.000000000000000000e+00
4.898700237274169922e+00 8.305547758936882019e-03 1.000000000000000000e+00
2.486579895019531250e+00 8.305547758936882019e-03 1.000000000000000000e+00
1.912950038909912109e+00 8.095320314168930054e-03 0.000000000000000000e+00
7.697610259056091309e-01 1.772055216133594513e-02 1.000000000000000000e+00
4.977900087833404541e-01 1.772039569914340973e-02 1.000000000000000000e+00
2.020569992065429688e+01 5.756341852247714996e-03 0.000000000000000000e+00
9.489930272102355957e-01 1.419079024344682693e-02 1.000000000000000000e+00
1.049960041046142578e+01 2.812388353049755096e-03 0.000000000000000000e+00
2.359699964523315430e+00 1.772055216133594513e-02 1.000000000000000000e+00
1.224549961090087891e+01 2.741276752203702927e-03 0.000000000000000000e+00
8.686090469360351562e+00 1.337902341037988663e-02 0.000000000000000000e+00
1.498610019683837891e+00 1.772055216133594513e-02 1.000000000000000000e+00
5.338359832763671875e+00 1.772148720920085907e-02 1.000000000000000000e+00
7.249400138854980469e+00 1.372760813683271408e-02 1.000000000000000000e+00
3.202689886093139648e+00 5.923013761639595032e-02 1.000000000000000000e+00
4.213840007781982422e+00 1.772055216133594513e-02 1.000000000000000000e+00
5.900589942932128906e+00 1.772086322307586670e-02 1.000000000000000000e+00
5.336339950561523438e+00 1.587893441319465637e-02 1.000000000000000000e+00
2.778609991073608398e+00 1.587781310081481934e-02 1.000000000000000000e+00
1.136460018157958984e+01 2.813559491187334061e-03 1.000000000000000000e+00
8.523119926452636719e+00 2.740469994023442268e-03 0.000000000000000000e+00
4.596879959106445312e+00 1.653785258531570435e-02 1.000000000000000000e+00
1.253349971771240234e+01 5.463012494146823883e-03 0.000000000000000000e+00
1.447809982299804688e+01 5.464655812829732895e-03 0.000000000000000000e+00
6.451529979705810547e+00 2.812239108607172966e-03 0.000000000000000000e+00
1.011050033569335938e+01 2.741138217970728874e-03 0.000000000000000000e+00
2.785949945449829102e+00 1.372628100216388702e-02 1.000000000000000000e+00
2.093729972839355469e+01 5.465797614306211472e-03 0.000000000000000000e+00
2.178869962692260742e+00 5.503984168171882629e-02 1.000000000000000000e+00
5.957540035247802734e+00 1.772226579487323761e-02 1.000000000000000000e+00
9.072719573974609375e+00 2.740999916568398476e-03 0.000000000000000000e+00
9.281259775161743164e-01 1.650652103126049042e-02 1.000000000000000000e+00
7.251259803771972656e+00 1.608948223292827606e-02 0.000000000000000000e+00
1.406429958343505859e+01 1.337824203073978424e-02 0.000000000000000000e+00
1.509539985656738281e+01 2.813733881339430809e-03 0.000000000000000000e+00
1.583660030364990234e+01 1.606472022831439972e-02 0.000000000000000000e+00
2.031660079956054688e+01 1.606908999383449554e-02 0.000000000000000000e+00
9.477869987487792969e+00 1.981740444898605347e-02 1.000000000000000000e+00
1.707620024681091309e+00 1.651126146316528320e-02 1.000000000000000000e+00
1.239120006561279297e+01 5.463879555463790894e-03 0.000000000000000000e+00
2.454349994659423828e+00 1.981235481798648834e-02 1.000000000000000000e+00
4.324940204620361328e+00 1.981252804398536682e-02 1.000000000000000000e+00
1.033539962768554688e+01 2.812811871990561485e-03 0.000000000000000000e+00
8.606809616088867188e+00 8.304891176521778107e-03 1.000000000000000000e+00
1.680470085144042969e+01 5.608612205833196640e-03 0.000000000000000000e+00
1.000930023193359375e+01 1.981426961719989777e-02 1.000000000000000000e+00
1.093470001220703125e+01 1.981461793184280396e-02 1.000000000000000000e+00
1.540050029754638672e+01 1.981705613434314728e-02 1.000000000000000000e+00
1.138829994201660156e+01 5.461780820041894913e-03 0.000000000000000000e+00
1.935530090332031250e+01 1.931724697351455688e-02 1.000000000000000000e+00
2.061899948120117188e+01 8.105191402137279510e-03 0.000000000000000000e+00
3.082809925079345703e+00 1.981217972934246063e-02 1.000000000000000000e+00
3.535969972610473633e+00 8.304454386234283447e-03 1.000000000000000000e+00
7.161590099334716797e+00 2.295657619833946228e-02 1.000000000000000000e+00
9.597109794616699219e+00 2.814332721754908562e-03 1.000000000000000000e+00
1.017949962615966797e+01 2.814307576045393944e-03 1.000000000000000000e+00
2.454619884490966797e+00 1.981217972934246063e-02 1.000000000000000000e+00
1.547760009765625000e+01 2.814332721754908562e-03 0.000000000000000000e+00
1.202980041503906250e+01 5.604863632470369339e-03 1.000000000000000000e+00
9.676509857177734375e+00 2.813983475789427757e-03 1.000000000000000000e+00
1.916659927368164062e+01 5.465523805469274521e-03 0.000000000000000000e+00
1.731110000610351562e+01 8.306859061121940613e-03 1.000000000000000000e+00
3.236999988555908203e+00 8.311164565384387970e-03 1.000000000000000000e+00
1.986540031433105469e+01 5.606391467154026031e-03 0.000000000000000000e+00
3.451129913330078125e+00 1.615945994853973389e-02 0.000000000000000000e+00
1.610820007324218750e+01 1.544760446995496750e-02 0.000000000000000000e+00
6.818210124969482422e+00 1.546116173267364502e-02 0.000000000000000000e+00
1.850040054321289062e+01 1.727729476988315582e-02 0.000000000000000000e+00
7.768449783325195312e+00 1.588047482073307037e-02 1.000000000000000000e+00
5.730249881744384766e+00 8.094443939626216888e-03 0.000000000000000000e+00
9.578530311584472656e+00 5.604716017842292786e-03 0.000000000000000000e+00
1.365699958801269531e+01 2.813534578308463097e-03 1.000000000000000000e+00
1.493280029296875000e+01 2.814132953062653542e-03 1.000000000000000000e+00
5.101119995117187500e+00 1.651318743824958801e-02 1.000000000000000000e+00
8.131730079650878906e+00 1.654247008264064789e-02 1.000000000000000000e+00
1.533430004119873047e+01 8.095995523035526276e-03 0.000000000000000000e+00
1.817210006713867188e+01 2.741253701969981194e-03 0.000000000000000000e+00
1.874399948120117188e+01 2.814407460391521454e-03 1.000000000000000000e+00
1.034749984741210938e+01 8.304964751005172729e-03 0.000000000000000000e+00
1.467959976196289062e+01 5.609747953712940216e-03 1.000000000000000000e+00
1.909819984436035156e+01 5.463697016239166260e-03 0.000000000000000000e+00
2.041650009155273438e+01 8.096602745354175568e-03 0.000000000000000000e+00
3.877419948577880859e+00 8.304454386234283447e-03 1.000000000000000000e+00
4.406780004501342773e-01 1.651200279593467712e-02 1.000000000000000000e+00
2.156979942321777344e+01 2.741830190643668175e-03 0.000000000000000000e+00
6.632969856262207031e+00 1.607373729348182678e-02 0.000000000000000000e+00
7.134769916534423828e+00 1.610486395657062531e-02 0.000000000000000000e+00
8.043669700622558594e+00 1.607633568346500397e-02 0.000000000000000000e+00
1.164179992675781250e+01 5.466803442686796188e-03 0.000000000000000000e+00
6.653719902038574219e+00 5.635614506900310516e-03 1.000000000000000000e+00
7.590109825134277344e+00 1.727426424622535706e-02 1.000000000000000000e+00
5.154640197753906250e+00 5.493654869496822357e-03 0.000000000000000000e+00
7.042620182037353516e+00 5.493979901075363159e-03 0.000000000000000000e+00
6.050899982452392578e+00 5.484352819621562958e-03 0.000000000000000000e+00
9.173100471496582031e+00 2.740608295425772667e-03 0.000000000000000000e+00
1.470450019836425781e+01 1.546504162251949310e-02 0.000000000000000000e+00
9.728919982910156250e+00 1.547371782362461090e-02 0.000000000000000000e+00
7.922229766845703125e+00 1.338271051645278931e-02 0.000000000000000000e+00
9.302459716796875000e+00 8.095928467810153961e-03 0.000000000000000000e+00
5.396870136260986328e+00 2.309528738260269165e-02 1.000000000000000000e+00
9.517919540405273438e+00 5.752183031290769577e-03 0.000000000000000000e+00
8.422019958496093750e+00 5.462328437715768814e-03 0.000000000000000000e+00
2.730530023574829102e+00 8.094173856079578400e-03 0.000000000000000000e+00
6.502470016479492188e+00 1.337868813425302505e-02 0.000000000000000000e+00
1.350459957122802734e+01 1.338181644678115845e-02 0.000000000000000000e+00
1.361170005798339844e+01 8.096198551356792450e-03 0.000000000000000000e+00
8.484930038452148438e+00 1.337835285812616348e-02 0.000000000000000000e+00
9.426580429077148438e+00 1.772210933268070221e-02 1.000000000000000000e+00
9.942819595336914062e+00 1.821454800665378571e-02 0.000000000000000000e+00
7.605959892272949219e+00 1.821347139775753021e-02 0.000000000000000000e+00
3.665819883346557617e+00 1.372628100216388702e-02 1.000000000000000000e+00
1.389920043945312500e+01 5.464062094688415527e-03 0.000000000000000000e+00
1.439000034332275391e+01 5.607032682746648788e-03 1.000000000000000000e+00
1.854850006103515625e+01 8.098426274955272675e-03 0.000000000000000000e+00
1.919109916687011719e+01 8.099440485239028931e-03 0.000000000000000000e+00
2.536959886550903320e+00 8.304454386234283447e-03 1.000000000000000000e+00
2.482009887695312500e+00 8.304454386234283447e-03 1.000000000000000000e+00
2.039839982986450195e+00 3.644891083240509033e-02 1.000000000000000000e+00
4.139080047607421875e+00 1.654187403619289398e-02 1.000000000000000000e+00
6.183569908142089844e+00 5.603977013379335403e-03 1.000000000000000000e+00
9.393340110778808594e+00 5.462191533297300339e-03 0.000000000000000000e+00
3.235690116882324219e+00 5.603730678558349609e-03 1.000000000000000000e+00
4.594220161437988281e+00 5.603780038654804230e-03 1.000000000000000000e+00
1.117790031433105469e+01 5.604370962828397751e-03 1.000000000000000000e+00
1.609059906005859375e+01 5.462875589728355408e-03 0.000000000000000000e+00
1.175489997863769531e+01 5.604370962828397751e-03 0.000000000000000000e+00
1.019799995422363281e+01 5.604223348200321198e-03 0.000000000000000000e+00
1.913100051879882812e+01 5.463560111820697784e-03 1.000000000000000000e+00
6.913139820098876953e+00 5.603927653282880783e-03 1.000000000000000000e+00
2.908829927444458008e+00 1.587767340242862701e-02 1.000000000000000000e+00
2.089309930801391602e+00 3.347045555710792542e-02 1.000000000000000000e+00
8.724280357360839844e+00 2.740631345659494400e-03 0.000000000000000000e+00
1.393239974975585938e+01 1.609455980360507965e-02 0.000000000000000000e+00
1.046210002899169922e+01 3.475549397990107536e-03 0.000000000000000000e+00
1.356700038909912109e+01 8.095725439488887787e-03 0.000000000000000000e+00
7.954979896545410156e+00 1.587851345539093018e-02 1.000000000000000000e+00
8.084959983825683594e+00 3.473055548965930939e-03 0.000000000000000000e+00
1.253390026092529297e+01 1.981496624648571014e-02 1.000000000000000000e+00
1.780410051345825195e+00 2.506086602807044983e-02 1.000000000000000000e+00
1.991770029067993164e+00 2.506086602807044983e-02 1.000000000000000000e+00
5.304659843444824219e+00 1.930966787040233612e-02 0.000000000000000000e+00
1.091590023040771484e+01 8.094781078398227692e-03 0.000000000000000000e+00
9.376790046691894531e+00 1.931015029549598694e-02 0.000000000000000000e+00
1.058250045776367188e+01 5.466666072607040405e-03 0.000000000000000000e+00
8.234519958496093750e+00 8.094510994851589203e-03 0.000000000000000000e+00
4.469460010528564453e+00 8.094375953078269958e-03 0.000000000000000000e+00
7.937359809875488281e+00 1.650178432464599609e-02 1.000000000000000000e+00
1.225819969177246094e+01 1.612180471420288086e-02 0.000000000000000000e+00
6.269959926605224609e+00 1.638367772102355957e-02 0.000000000000000000e+00
8.644140243530273438e+00 1.607961952686309814e-02 0.000000000000000000e+00
1.557880020141601562e+01 1.612746343016624451e-02 0.000000000000000000e+00
1.521160030364990234e+01 1.611408405005931854e-02 0.000000000000000000e+00
1.291279983520507812e+01 2.506527118384838104e-02 1.000000000000000000e+00
1.330389976501464844e+01 5.462556146085262299e-03 0.000000000000000000e+00
3.956360101699829102e+00 2.190149202942848206e-02 1.000000000000000000e+00
8.203829765319824219e+00 1.337891165167093277e-02 0.000000000000000000e+00
5.815259933471679688e+00 1.656083203852176666e-02 1.000000000000000000e+00
1.842189979553222656e+01 5.463468842208385468e-03 0.000000000000000000e+00
1.927160072326660156e+01 1.606649532914161682e-02 0.000000000000000000e+00
4.976900100708007812e+00 1.606472022831439972e-02 0.000000000000000000e+00
3.355159997940063477e+00 2.506064623594284058e-02 1.000000000000000000e+00
2.129299926757812500e+01 1.819015294313430786e-02 0.000000000000000000e+00
2.167379951477050781e+01 1.819091849029064178e-02 0.000000000000000000e+00
3.075409889221191406e+00 1.818158477544784546e-02 0.000000000000000000e+00
4.805099964141845703e+00 2.442705072462558746e-02 0.000000000000000000e+00
1.118999958038330078e+01 1.547994278371334076e-02 0.000000000000000000e+00
1.150959968566894531e+01 5.464336369186639786e-03 0.000000000000000000e+00
5.806359767913818359e+00 2.812687307596206665e-03 1.000000000000000000e+00
8.402709960937500000e+00 5.462008994072675705e-03 0.000000000000000000e+00
1.000699996948242188e+01 8.094916120171546936e-03 0.000000000000000000e+00
9.133810043334960938e+00 8.094713091850280762e-03 0.000000000000000000e+00
3.018140077590942383e+00 8.304454386234283447e-03 0.000000000000000000e+00
8.592829704284667969e+00 1.587893441319465637e-02 1.000000000000000000e+00
1.751980018615722656e+01 8.098426274955272675e-03 0.000000000000000000e+00
1.803499984741210938e+01 8.099372498691082001e-03 0.000000000000000000e+00
1.661450004577636719e+01 1.338192820549011230e-02 0.000000000000000000e+00
1.578940010070800781e+01 1.338103413581848145e-02 0.000000000000000000e+00
1.772300004959106445e+00 3.457191959023475647e-02 1.000000000000000000e+00
6.845149993896484375e+00 1.772242039442062378e-02 1.000000000000000000e+00
8.645259857177734375e+00 1.727224513888359070e-02 0.000000000000000000e+00
1.154199981689453125e+01 1.547592133283615112e-02 0.000000000000000000e+00
7.615930080413818359e+00 2.742545679211616516e-03 0.000000000000000000e+00
1.776029968261718750e+01 8.096670731902122498e-03 0.000000000000000000e+00
9.433190345764160156e+00 8.094173856079578400e-03 0.000000000000000000e+00
9.174819946289062500e+00 1.372724585235118866e-02 0.000000000000000000e+00
1.389890003204345703e+01 1.547592133283615112e-02 0.000000000000000000e+00
1.182569980621337891e+01 1.337958220392465591e-02 0.000000000000000000e+00
1.685339927673339844e+01 1.546439528465270996e-02 0.000000000000000000e+00
1.429710006713867188e+01 1.338036358356475830e-02 0.000000000000000000e+00
2.184959983825683594e+01 1.728379167616367340e-02 0.000000000000000000e+00
1.127320003509521484e+01 1.727224513888359070e-02 0.000000000000000000e+00
8.512330055236816406e+00 1.337902341037988663e-02 0.000000000000000000e+00
1.826149940490722656e+01 1.728422567248344421e-02 0.000000000000000000e+00
8.392849922180175781e+00 2.814781852066516876e-03 1.000000000000000000e+00
7.947899818420410156e+00 2.741022966802120209e-03 0.000000000000000000e+00
5.575890064239501953e+00 1.772086322307586670e-02 1.000000000000000000e+00
2.205389976501464844e+01 1.728624850511550903e-02 0.000000000000000000e+00
1.031779956817626953e+01 2.740446943789720535e-03 0.000000000000000000e+00
1.754279971122741699e+00 8.304527029395103455e-03 1.000000000000000000e+00
3.342080116271972656e+00 1.337813027203083038e-02 0.000000000000000000e+00
1.328859996795654297e+01 8.095186203718185425e-03 0.000000000000000000e+00
3.754859924316406250e+00 8.094173856079578400e-03 0.000000000000000000e+00
5.999330043792724609e+00 8.094646036624908447e-03 0.000000000000000000e+00
4.520699977874755859e+00 1.727123558521270752e-02 0.000000000000000000e+00
6.269169807434082031e+00 5.598960444331169128e-03 1.000000000000000000e+00
1.266199970245361328e+01 1.727339811623096466e-02 0.000000000000000000e+00
9.558859825134277344e+00 1.727238856256008148e-02 0.000000000000000000e+00
1.578969955444335938e+01 5.462784320116043091e-03 0.000000000000000000e+00
3.280100107192993164e+00 5.603730678558349609e-03 1.000000000000000000e+00
7.888539791107177734e+00 8.107969537377357483e-03 0.000000000000000000e+00
1.145180034637451172e+01 1.546090375632047653e-02 0.000000000000000000e+00
1.206200027465820312e+01 5.462191533297300339e-03 0.000000000000000000e+00
1.381639957427978516e+01 1.546297222375869751e-02 0.000000000000000000e+00
1.362510013580322266e+01 1.547605078667402267e-02 0.000000000000000000e+00
2.430030107498168945e+00 1.772070862352848053e-02 1.000000000000000000e+00
3.363369941711425781e+00 1.772101968526840210e-02 1.000000000000000000e+00
4.391320228576660156e+00 1.772148720920085907e-02 1.000000000000000000e+00
4.991730213165283203e+00 5.461917724460363388e-03 0.000000000000000000e+00
5.149390220642089844e+00 5.604026373475790024e-03 1.000000000000000000e+00
4.312310218811035156e+00 5.603927653282880783e-03 1.000000000000000000e+00
7.338669776916503906e+00 5.609253887087106705e-03 1.000000000000000000e+00
1.071840000152587891e+01 5.462374072521924973e-03 0.000000000000000000e+00
1.131760025024414062e+01 5.462464876472949982e-03 0.000000000000000000e+00
6.785379886627197266e+00 5.608957726508378983e-03 1.000000000000000000e+00
1.215180015563964844e+01 1.588075421750545502e-02 1.000000000000000000e+00
1.199800014495849609e+01 5.462282802909612656e-03 0.000000000000000000e+00
9.154150009155273438e+00 1.547462493181228638e-02 0.000000000000000000e+00
2.268280029296875000e+01 5.466940347105264664e-03 0.000000000000000000e+00
8.735859870910644531e+00 1.649542711675167084e-02 1.000000000000000000e+00
6.151189804077148438e+00 1.652981713414192200e-02 1.000000000000000000e+00
5.385859966278076172e+00 2.027001418173313141e-02 1.000000000000000000e+00
2.249780082702636719e+01 5.467718001455068588e-03 0.000000000000000000e+00
6.466139793395996094e+00 5.752183031290769577e-03 1.000000000000000000e+00
2.526629924774169922e+00 1.654783822596073151e-02 1.000000000000000000e+00
1.390999984741210938e+01 1.612442731857299805e-02 0.000000000000000000e+00
5.363070011138916016e+00 1.608797535300254822e-02 1.000000000000000000e+00
2.069910049438476562e+00 1.653219573199748993e-02 1.000000000000000000e+00
4.154379844665527344e+00 1.866072788834571838e-02 1.000000000000000000e+00
7.095039844512939453e+00 8.304818533360958099e-03 1.000000000000000000e+00
1.044900035858154297e+01 5.604716017842292786e-03 0.000000000000000000e+00
8.245579719543457031e+00 8.094510994851589203e-03 0.000000000000000000e+00
4.258609771728515625e+00 1.866519264876842499e-02 1.000000000000000000e+00
4.843880176544189453e+00 2.027252502739429474e-02 1.000000000000000000e+00
9.964030265808105469e+00 5.604272242635488510e-03 0.000000000000000000e+00
8.271659851074218750e+00 8.094375953078269958e-03 0.000000000000000000e+00
7.833370208740234375e+00 1.587837375700473785e-02 1.000000000000000000e+00
1.788750076293945312e+01 1.547838561236858368e-02 0.000000000000000000e+00
1.965360069274902344e+01 3.116378188133239746e-02 0.000000000000000000e+00
2.300499916076660156e+00 1.587823405861854553e-02 1.000000000000000000e+00
2.671159982681274414e+00 1.587823405861854553e-02 1.000000000000000000e+00
9.894269943237304688e+00 8.094983175396919250e-03 0.000000000000000000e+00
1.071300029754638672e+01 8.305547758936882019e-03 1.000000000000000000e+00
6.321750164031982422e+00 2.027055248618125916e-02 1.000000000000000000e+00
9.639229774475097656e+00 8.094646036624908447e-03 0.000000000000000000e+00
4.247690200805664062e+00 2.692919224500656128e-02 1.000000000000000000e+00
9.612730026245117188e+00 5.604173988103866577e-03 1.000000000000000000e+00
6.848010063171386719e+00 1.981270126998424530e-02 1.000000000000000000e+00
4.545820236206054688e+00 1.981235481798648834e-02 1.000000000000000000e+00
1.195079994201660156e+01 5.462191533297300339e-03 0.000000000000000000e+00
4.685140132904052734e+00 1.772055216133594513e-02 0.000000000000000000e+00
1.005589962005615234e+01 1.931111887097358704e-02 0.000000000000000000e+00
5.732950210571289062e+00 5.461690016090869904e-03 0.000000000000000000e+00
7.832930088043212891e+00 8.304964751005172729e-03 1.000000000000000000e+00
1.339739990234375000e+01 5.467215087264776230e-03 0.000000000000000000e+00
8.887040138244628906e+00 8.304891176521778107e-03 1.000000000000000000e+00
7.930170059204101562e+00 5.603977013379335403e-03 1.000000000000000000e+00
1.259319972991943359e+01 5.604518577456474304e-03 0.000000000000000000e+00
1.108580017089843750e+01 5.462145898491144180e-03 0.000000000000000000e+00
5.167019844055175781e+00 5.461644381284713745e-03 0.000000000000000000e+00
1.019540023803710938e+01 5.462008994072675705e-03 0.000000000000000000e+00
3.092129945755004883e+00 1.587767340242862701e-02 1.000000000000000000e+00
7.007309913635253906e+00 5.466346163302659988e-03 0.000000000000000000e+00
1.418070030212402344e+01 1.588075421750545502e-02 1.000000000000000000e+00
4.076220035552978516e+00 8.094173856079578400e-03 0.000000000000000000e+00
3.313469886779785156e+00 2.741876291111111641e-03 0.000000000000000000e+00
6.244269847869873047e+00 5.462008994072675705e-03 0.000000000000000000e+00
4.610849857330322266e+00 5.457272753119468689e-03 0.000000000000000000e+00
1.084809970855712891e+01 1.607059314846992493e-02 0.000000000000000000e+00
1.247249984741210938e+01 1.609730534255504608e-02 0.000000000000000000e+00
1.422089958190917969e+01 8.095590397715568542e-03 0.000000000000000000e+00
1.200389957427978516e+01 8.095051161944866180e-03 0.000000000000000000e+00
1.097599983215332031e+01 5.462145898491144180e-03 0.000000000000000000e+00
1.306890010833740234e+01 5.462419707328081131e-03 0.000000000000000000e+00
1.719779968261718750e+01 5.463195033371448517e-03 0.000000000000000000e+00
1.060429954528808594e+01 8.094713091850280762e-03 0.000000000000000000e+00
1.962520027160644531e+01 8.096940815448760986e-03 0.000000000000000000e+00
1.524619960784912109e+01 8.095590397715568542e-03 0.000000000000000000e+00
1.877490043640136719e+01 5.463331937789916992e-03 0.000000000000000000e+00
8.317049980163574219e+00 5.604026373475790024e-03 0.000000000000000000e+00
1.767539978027343750e+01 8.096198551356792450e-03 0.000000000000000000e+00
5.139890193939208984e+00 8.094173856079578400e-03 0.000000000000000000e+00
1.374180030822753906e+01 5.462647415697574615e-03 0.000000000000000000e+00
1.374940013885498047e+01 5.462419707328081131e-03 0.000000000000000000e+00
1.715719985961914062e+01 5.467626731842756271e-03 0.000000000000000000e+00
1.059910011291503906e+01 1.547358836978673935e-02 0.000000000000000000e+00
2.467849969863891602e+00 5.603828933089971542e-03 0.000000000000000000e+00
1.742160034179687500e+01 5.463058128952980042e-03 0.000000000000000000e+00
6.265960216522216797e+00 2.027019485831260681e-02 1.000000000000000000e+00
9.394820213317871094e+00 3.123815730214118958e-02 0.000000000000000000e+00
1.446510028839111328e+01 3.145743533968925476e-02 0.000000000000000000e+00
1.587549972534179688e+01 8.096063509583473206e-03 0.000000000000000000e+00
3.105609893798828125e+00 2.741507254540920258e-03 0.000000000000000000e+00
2.595190048217773438e+00 5.462282802909612656e-03 0.000000000000000000e+00
2.396559953689575195e+00 5.461051594465970993e-03 0.000000000000000000e+00
2.070270061492919922e+00 1.981252804398536682e-02 1.000000000000000000e+00
1.897520065307617188e+01 5.462282802909612656e-03 0.000000000000000000e+00
4.974190235137939453e+00 5.461780820041894913e-03 0.000000000000000000e+00
8.714920043945312500e+00 2.812811871990561485e-03 0.000000000000000000e+00
5.657509803771972656e+00 5.598960444331169128e-03 1.000000000000000000e+00
4.719270229339599609e+00 1.652194187045097351e-02 1.000000000000000000e+00
4.306779861450195312e+00 1.587823405861854553e-02 1.000000000000000000e+00
6.603859901428222656e+00 1.338136941194534302e-02 1.000000000000000000e+00
8.209449768066406250e+00 2.812488004565238953e-03 1.000000000000000000e+00
2.207439988851547241e-01 1.649247296154499054e-02 1.000000000000000000e+00
5.345459938049316406e+00 8.095186203718185425e-03 0.000000000000000000e+00
5.463460087776184082e-01 1.981235481798648834e-02 1.000000000000000000e+00
3.080370128154754639e-01 2.026965655386447906e-02 1.000000000000000000e+00
1.995990037918090820e+00 1.772117614746093750e-02 1.000000000000000000e+00
2.086610078811645508e+00 1.772101968526840210e-02 1.000000000000000000e+00
3.144229888916015625e+00 8.094375953078269958e-03 0.000000000000000000e+00
3.113189935684204102e+00 2.506152726709842682e-02 1.000000000000000000e+00
2.274189949035644531e+00 1.372664235532283783e-02 1.000000000000000000e+00
2.931339979171752930e+00 1.372664235532283783e-02 1.000000000000000000e+00
3.629859924316406250e+00 1.372676342725753784e-02 1.000000000000000000e+00
2.090689897537231445e+00 1.607715524733066559e-02 0.000000000000000000e+00
2.293230056762695312e+00 1.650385744869709015e-02 1.000000000000000000e+00
8.675040245056152344e+00 1.605803705751895905e-02 0.000000000000000000e+00
7.933460235595703125e+00 1.603939384222030640e-02 0.000000000000000000e+00
8.461420059204101562e+00 1.605790108442306519e-02 0.000000000000000000e+00
8.405139923095703125e+00 1.975118555128574371e-02 0.000000000000000000e+00
9.509440422058105469e+00 2.811890561133623123e-03 0.000000000000000000e+00
1.291559982299804688e+01 1.603586226701736450e-02 0.000000000000000000e+00
1.323099994659423828e+01 1.603817008435726166e-02 0.000000000000000000e+00
1.322690010070800781e+01 1.372857298702001572e-02 0.000000000000000000e+00
4.204589843750000000e+00 5.461780820041894913e-03 0.000000000000000000e+00
6.878540039062500000e+00 3.560480196028947830e-03 0.000000000000000000e+00
6.381720066070556641e+00 3.567670006304979324e-03 0.000000000000000000e+00
5.075900077819824219e+00 3.560227807611227036e-03 0.000000000000000000e+00
1.065380001068115234e+01 5.462237168103456497e-03 0.000000000000000000e+00
1.245040035247802734e+01 3.565480001270771027e-03 0.000000000000000000e+00
1.102750015258789062e+01 4.916914738714694977e-03 0.000000000000000000e+00
1.469239997863769531e+01 1.548929326236248016e-02 0.000000000000000000e+00
1.528339958190917969e+01 8.306130766868591309e-03 0.000000000000000000e+00
1.475590038299560547e+01 3.561080433428287506e-03 0.000000000000000000e+00
1.548519992828369141e+01 3.561048768460750580e-03 0.000000000000000000e+00
1.462880039215087891e+01 1.590870879590511322e-02 1.000000000000000000e+00
1.596070003509521484e+01 3.567574778571724892e-03 0.000000000000000000e+00
1.522509956359863281e+01 3.564022248610854149e-03 0.000000000000000000e+00
1.705419921875000000e+01 1.606813445687294006e-02 0.000000000000000000e+00
1.666510009765625000e+01 8.095725439488887787e-03 0.000000000000000000e+00
1.651210021972656250e+01 8.095725439488887787e-03 0.000000000000000000e+00
6.767789840698242188e+00 5.462237168103456497e-03 0.000000000000000000e+00
5.836919784545898438e+00 5.461872089654207230e-03 0.000000000000000000e+00
8.653949737548828125e+00 5.462145898491144180e-03 0.000000000000000000e+00
7.700749874114990234e+00 5.461963359266519547e-03 0.000000000000000000e+00
9.582799911499023438e+00 1.550139673054218292e-02 0.000000000000000000e+00
8.468059539794921875e+00 1.550087518990039825e-02 0.000000000000000000e+00
9.444009780883789062e+00 1.550126634538173676e-02 0.000000000000000000e+00
6.933660030364990234e+00 3.877663984894752502e-03 0.000000000000000000e+00
1.294900035858154297e+01 5.462419707328081131e-03 0.000000000000000000e+00
9.703470230102539062e+00 5.462008994072675705e-03 0.000000000000000000e+00
1.388990020751953125e+01 3.472323063760995865e-03 0.000000000000000000e+00
1.366209983825683594e+01 1.220378186553716660e-02 0.000000000000000000e+00
1.120860004425048828e+01 4.460878670215606689e-03 0.000000000000000000e+00
1.563689994812011719e+01 4.458669573068618774e-03 0.000000000000000000e+00
2.072500038146972656e+01 1.241389103233814240e-02 0.000000000000000000e+00
1.352859973907470703e+01 4.460953176021575928e-03 0.000000000000000000e+00
1.946069908142089844e+01 2.277191961184144020e-03 0.000000000000000000e+00
2.208440017700195312e+01 1.220554579049348831e-02 0.000000000000000000e+00
1.138020038604736328e+01 1.484199799597263336e-02 0.000000000000000000e+00
1.126220035552978516e+01 5.462191533297300339e-03 0.000000000000000000e+00
1.250759983062744141e+01 2.812064718455076218e-03 0.000000000000000000e+00
1.475010013580322266e+01 5.462464876472949982e-03 0.000000000000000000e+00
1.318710041046142578e+01 5.462282802909612656e-03 0.000000000000000000e+00
1.596990013122558594e+01 2.812214195728302002e-03 0.000000000000000000e+00
1.701589965820312500e+01 8.095725439488887787e-03 0.000000000000000000e+00
1.532439994812011719e+01 8.095388300716876984e-03 0.000000000000000000e+00
1.536789989471435547e+01 8.095455355942249298e-03 0.000000000000000000e+00
1.577869987487792969e+01 2.812189282849431038e-03 0.000000000000000000e+00
1.751250076293945312e+01 3.569195978343486786e-03 0.000000000000000000e+00
1.644140052795410156e+01 1.931353658437728882e-02 0.000000000000000000e+00
1.699020004272460938e+01 3.564687445759773254e-03 0.000000000000000000e+00
1.616010093688964844e+01 5.466346163302659988e-03 0.000000000000000000e+00
1.322729969024658203e+01 5.462647415697574615e-03 0.000000000000000000e+00
8.643469810485839844e+00 3.656088141724467278e-03 0.000000000000000000e+00
6.605659961700439453e+00 3.652639919891953468e-03 0.000000000000000000e+00
7.325920104980468750e+00 3.645569086074829102e-03 0.000000000000000000e+00
9.544440269470214844e+00 5.135881248861551285e-03 0.000000000000000000e+00
1.142879962921142578e+01 5.131149198859930038e-03 0.000000000000000000e+00
1.572560024261474609e+01 1.471643429249525070e-02 0.000000000000000000e+00
1.171660041809082031e+01 1.372772827744483948e-02 0.000000000000000000e+00
1.138860034942626953e+01 5.462100263684988022e-03 0.000000000000000000e+00
1.501739978790283203e+01 5.462601780891418457e-03 0.000000000000000000e+00
1.906699943542480469e+01 5.463423207402229309e-03 0.000000000000000000e+00
1.095030021667480469e+01 3.652673913165926933e-03 0.000000000000000000e+00
1.151430034637451172e+01 5.135407671332359314e-03 0.000000000000000000e+00
1.616830062866210938e+01 4.458768758922815323e-03 0.000000000000000000e+00
8.455229759216308594e+00 4.458248149603605270e-03 0.000000000000000000e+00
1.476459980010986328e+01 1.635079458355903625e-02 0.000000000000000000e+00
1.823189926147460938e+01 1.241317763924598694e-02 0.000000000000000000e+00
1.738909912109375000e+01 1.220479980111122131e-02 0.000000000000000000e+00
5.166500091552734375e+00 1.410221308469772339e-02 1.000000000000000000e+00
1.433580017089843750e+01 1.220391783863306046e-02 0.000000000000000000e+00
9.500539779663085938e+00 1.056783087551593781e-02 0.000000000000000000e+00
1.629829978942871094e+01 1.220473181456327438e-02 0.000000000000000000e+00
2.014360046386718750e+01 1.550491619855165482e-02 0.000000000000000000e+00
1.316720008850097656e+01 5.466803442686796188e-03 0.000000000000000000e+00
1.662969970703125000e+01 5.462738685309886932e-03 0.000000000000000000e+00
1.596860027313232422e+01 5.462647415697574615e-03 0.000000000000000000e+00
1.619510078430175781e+01 8.095658384263515472e-03 0.000000000000000000e+00
1.387349987030029297e+01 1.975516788661479950e-02 0.000000000000000000e+00
1.774119949340820312e+01 5.462875589728355408e-03 0.000000000000000000e+00
1.794000053405761719e+01 5.462966859340667725e-03 0.000000000000000000e+00
1.534710025787353516e+01 2.741368953138589859e-03 0.000000000000000000e+00
1.584210014343261719e+01 5.128221586346626282e-03 0.000000000000000000e+00
1.583020019531250000e+01 8.095658384263515472e-03 0.000000000000000000e+00
1.602860069274902344e+01 8.095725439488887787e-03 0.000000000000000000e+00
1.571529960632324219e+01 2.741161268204450607e-03 0.000000000000000000e+00
1.317840003967285156e+01 5.461690016090869904e-03 0.000000000000000000e+00
1.262360000610351562e+01 5.462784320116043091e-03 0.000000000000000000e+00
9.073080062866210938e+00 5.604272242635488510e-03 1.000000000000000000e+00
1.179069995880126953e+01 5.604716017842292786e-03 1.000000000000000000e+00
5.541669845581054688e+00 3.881782293319702148e-03 1.000000000000000000e+00
2.058810043334960938e+01 5.466940347105264664e-03 0.000000000000000000e+00
5.854199886322021484e+00 5.461690016090869904e-03 0.000000000000000000e+00
1.488440036773681641e+01 5.462693050503730774e-03 0.000000000000000000e+00
1.523390007019042969e+01 5.462738685309886932e-03 0.000000000000000000e+00
1.022789955139160156e+01 2.741668839007616043e-03 0.000000000000000000e+00
2.395219993591308594e+01 1.551718637347221375e-02 0.000000000000000000e+00
4.056920051574707031e+00 2.541507594287395477e-02 1.000000000000000000e+00
8.527520179748535156e+00 9.455899707973003387e-03 0.000000000000000000e+00
7.443500041961669922e+00 2.276927698403596878e-03 0.000000000000000000e+00
1.868210029602050781e+01 2.238468965515494347e-03 1.000000000000000000e+00
1.781859970092773438e+01 1.220452785491943359e-02 0.000000000000000000e+00
2.097599983215332031e+01 5.463742651045322418e-03 0.000000000000000000e+00
1.894160079956054688e+01 5.463240668177604675e-03 0.000000000000000000e+00
2.034029960632324219e+01 1.549189351499080658e-02 0.000000000000000000e+00
8.697079658508300781e+00 1.372700463980436325e-02 0.000000000000000000e+00
9.746489524841308594e+00 8.304818533360958099e-03 0.000000000000000000e+00
1.630550003051757812e+01 8.306130766868591309e-03 0.000000000000000000e+00
1.574670028686523438e+01 2.811641665175557137e-03 0.000000000000000000e+00
9.553580284118652344e+00 5.461598746478557587e-03 0.000000000000000000e+00
1.147949981689453125e+01 2.815106417983770370e-03 1.000000000000000000e+00
1.335879993438720703e+01 2.813908504322171211e-03 0.000000000000000000e+00
1.360229969024658203e+01 1.931547187268733978e-02 0.000000000000000000e+00
1.049720001220703125e+01 1.931176334619522095e-02 0.000000000000000000e+00
1.643470001220703125e+01 1.375046838074922562e-02 0.000000000000000000e+00
1.058839988708496094e+01 1.551431231200695038e-02 0.000000000000000000e+00
1.163860034942626953e+01 8.094848133623600006e-03 0.000000000000000000e+00
2.074710083007812500e+01 8.097075857222080231e-03 0.000000000000000000e+00
2.461580085754394531e+01 8.103092201054096222e-03 0.000000000000000000e+00
2.295409965515136719e+01 1.550765521824359894e-02 0.000000000000000000e+00
1.449030017852783203e+01 2.275765873491764069e-03 0.000000000000000000e+00
8.306369781494140625e+00 2.237076638266444206e-03 0.000000000000000000e+00
5.962629795074462891e+00 1.410197094082832336e-02 1.000000000000000000e+00
8.339139938354492188e+00 1.392416656017303467e-02 1.000000000000000000e+00
2.835939884185791016e+00 1.056752260774374008e-02 0.000000000000000000e+00
4.927999973297119141e+00 1.056774333119392395e-02 0.000000000000000000e+00
1.852709960937500000e+01 1.220439281314611435e-02 0.000000000000000000e+00
1.805190086364746094e+01 2.275620820000767708e-03 0.000000000000000000e+00
2.073629951477050781e+01 8.096940815448760986e-03 0.000000000000000000e+00
2.458379936218261719e+01 8.103160187602043152e-03 0.000000000000000000e+00
2.117959976196289062e+01 8.097143843770027161e-03 0.000000000000000000e+00
1.213860034942626953e+01 2.813833765685558319e-03 1.000000000000000000e+00
1.238339996337890625e+01 3.882044227793812752e-03 1.000000000000000000e+00
2.106839942932128906e+01 1.932790689170360565e-02 0.000000000000000000e+00
1.092440032958984375e+01 2.813359955325722694e-03 1.000000000000000000e+00
8.481260299682617188e+00 1.372869405895471573e-02 1.000000000000000000e+00
2.824779987335205078e+00 3.878839313983917236e-03 1.000000000000000000e+00
1.563459968566894531e+01 2.815756015479564667e-03 1.000000000000000000e+00
1.482279968261718750e+01 5.467534996569156647e-03 0.000000000000000000e+00
1.430500030517578125e+01 5.467397626489400864e-03 0.000000000000000000e+00
7.124390125274658203e+00 5.466346163302659988e-03 0.000000000000000000e+00
2.122310066223144531e+01 5.470968782901763916e-03 0.000000000000000000e+00
1.958440017700195312e+01 5.472756922245025635e-03 0.000000000000000000e+00
7.201769828796386719e+00 5.466346163302659988e-03 0.000000000000000000e+00
1.650880050659179688e+01 1.549033354967832565e-02 0.000000000000000000e+00
1.482520008087158203e+01 1.220371481031179428e-02 0.000000000000000000e+00
9.331600189208984375e+00 1.070260629057884216e-02 1.000000000000000000e+00
1.215460014343261719e+01 1.220378186553716660e-02 0.000000000000000000e+00
3.189860105514526367e+00 1.749156787991523743e-02 1.000000000000000000e+00
1.495899963378906250e+01 1.550256926566362381e-02 0.000000000000000000e+00
1.112189960479736328e+01 2.740516094490885735e-03 0.000000000000000000e+00
2.310650062561035156e+01 5.612219683825969696e-03 1.000000000000000000e+00
2.384480094909667969e+01 5.471931304782629013e-03 0.000000000000000000e+00
2.356270027160644531e+01 5.472435615956783295e-03 0.000000000000000000e+00
2.537789916992187500e+01 5.471518728882074356e-03 0.000000000000000000e+00
8.515089988708496094e+00 5.613852757960557938e-03 1.000000000000000000e+00
2.208149909973144531e+01 5.468587391078472137e-03 0.000000000000000000e+00
2.465360069274902344e+01 5.472527351230382919e-03 0.000000000000000000e+00
2.468670082092285156e+01 5.477257538586854935e-03 0.000000000000000000e+00
2.597929954528808594e+01 5.471747834235429764e-03 0.000000000000000000e+00
2.538299942016601562e+01 5.472252145409584045e-03 0.000000000000000000e+00
1.012759971618652344e+01 2.813733881339430809e-03 1.000000000000000000e+00
2.400029945373535156e+01 5.471656098961830139e-03 0.000000000000000000e+00
2.322649955749511719e+01 5.471976939588785172e-03 0.000000000000000000e+00
1.602370071411132812e+01 2.812089631333947182e-03 0.000000000000000000e+00
2.216209983825683594e+01 5.614843219518661499e-03 1.000000000000000000e+00
1.946459960937500000e+01 5.471060518175363541e-03 0.000000000000000000e+00
1.174069976806640625e+01 2.812861697748303413e-03 1.000000000000000000e+00
1.379829978942871094e+01 2.740746363997459412e-03 0.000000000000000000e+00
4.814350128173828125e+00 3.860419150441884995e-03 0.000000000000000000e+00
1.351999998092651367e+00 1.056813914328813553e-02 0.000000000000000000e+00
1.339200019836425781e+01 5.470144096761941910e-03 0.000000000000000000e+00
1.412129974365234375e+01 5.467901006340980530e-03 0.000000000000000000e+00
1.502799987792968750e+01 2.813708968460559845e-03 0.000000000000000000e+00
4.686289787292480469e+00 8.304454386234283447e-03 1.000000000000000000e+00
4.649670124053955078e+00 1.549957320094108582e-02 1.000000000000000000e+00
1.808839988708496094e+01 1.373243611305952072e-02 0.000000000000000000e+00
2.299970054626464844e+01 1.338606607168912888e-02 0.000000000000000000e+00
2.356450080871582031e+01 1.549618784338235855e-02 0.000000000000000000e+00
2.333699989318847656e+01 1.551300659775733948e-02 0.000000000000000000e+00
3.578989982604980469e+00 1.589169353246688843e-02 1.000000000000000000e+00
2.522060012817382812e+01 1.549735944718122482e-02 0.000000000000000000e+00
2.646520042419433594e+01 1.550087518990039825e-02 0.000000000000000000e+00
2.265690088272094727e+00 1.873171888291835785e-02 1.000000000000000000e+00
2.606310081481933594e+01 1.550217811018228531e-02 0.000000000000000000e+00
9.478380203247070312e+00 8.094443939626216888e-03 0.000000000000000000e+00
1.143290042877197266e+01 1.548773329704999924e-02 0.000000000000000000e+00
2.090200042724609375e+01 8.096737787127494812e-03 0.000000000000000000e+00
2.535160064697265625e+01 5.476383958011865616e-03 0.000000000000000000e+00
2.204120063781738281e+01 5.468587391078472137e-03 0.000000000000000000e+00
6.315070152282714844e+00 3.878708695992827415e-03 1.000000000000000000e+00
6.521200180053710938e+00 2.812662394717335701e-03 1.000000000000000000e+00
1.891519927978515625e+01 5.470144096761941910e-03 0.000000000000000000e+00
5.701310157775878906e+00 3.883616765961050987e-03 1.000000000000000000e+00
1.994709968566894531e+01 8.103160187602043152e-03 0.000000000000000000e+00
2.042180061340332031e+01 5.465615075081586838e-03 0.000000000000000000e+00
2.370429992675781250e+01 1.599933207035064697e-02 0.000000000000000000e+00
2.164249992370605469e+01 8.097007870674133301e-03 0.000000000000000000e+00
2.578569984436035156e+01 8.103769272565841675e-03 0.000000000000000000e+00
2.608440017700195312e+01 5.474959965795278549e-03 0.000000000000000000e+00
2.250589942932128906e+01 5.468541756272315979e-03 0.000000000000000000e+00
2.581850051879882812e+01 5.470281466841697693e-03 0.000000000000000000e+00
1.643829917907714844e+01 8.095793426036834717e-03 0.000000000000000000e+00
2.298259925842285156e+01 8.102010004222393036e-03 0.000000000000000000e+00
9.596079826354980469e+00 1.372736692428588867e-02 0.000000000000000000e+00
1.046660041809082031e+01 1.372772827744483948e-02 0.000000000000000000e+00
1.179230022430419922e+01 1.890360191464424133e-02 1.000000000000000000e+00
1.854470062255859375e+01 1.549254450947046280e-02 0.000000000000000000e+00
2.284020042419433594e+01 5.616081878542900085e-03 0.000000000000000000e+00
2.374930000305175781e+01 1.550869829952716827e-02 0.000000000000000000e+00
2.662389945983886719e+01 8.101062849164009094e-03 0.000000000000000000e+00
2.624650001525878906e+01 5.470327101647853851e-03 0.000000000000000000e+00
7.717160224914550781e+00 2.813260303810238838e-03 0.000000000000000000e+00
2.652700042724609375e+01 5.472160410135984421e-03 0.000000000000000000e+00
1.013350009918212891e+01 5.466529168188571930e-03 0.000000000000000000e+00
5.485360145568847656e+00 2.815281273797154427e-03 1.000000000000000000e+00
1.090590000152587891e+01 8.095658384263515472e-03 0.000000000000000000e+00
1.080659961700439453e+01 8.095995523035526276e-03 0.000000000000000000e+00
1.199849987030029297e+01 5.612071137875318527e-03 1.000000000000000000e+00
1.809329986572265625e+01 5.614942405372858047e-03 1.000000000000000000e+00
2.021769905090332031e+01 8.102619089186191559e-03 0.000000000000000000e+00
1.888649940490722656e+01 8.096737787127494812e-03 0.000000000000000000e+00
2.056489944458007812e+01 5.468450020998716354e-03 0.000000000000000000e+00
2.418530082702636719e+01 5.472023040056228638e-03 0.000000000000000000e+00
2.440169906616210938e+01 4.462543874979019165e-03 0.000000000000000000e+00
1.891810035705566406e+01 4.537924658507108688e-03 1.000000000000000000e+00
1.997979927062988281e+01 4.463986959308385849e-03 0.000000000000000000e+00
2.624659919738769531e+01 1.410504523664712906e-02 0.000000000000000000e+00
2.674180030822753906e+01 4.463663790374994278e-03 0.000000000000000000e+00
2.634970092773437500e+01 1.264419592916965485e-02 0.000000000000000000e+00
1.588479995727539062e+01 1.263205148279666901e-02 0.000000000000000000e+00
1.516380023956298828e+01 2.889581024646759033e-03 1.000000000000000000e+00
2.678700065612792969e+01 6.612981203943490982e-03 0.000000000000000000e+00
2.630669975280761719e+01 1.264433749020099640e-02 0.000000000000000000e+00
2.134079933166503906e+01 4.461723845452070236e-03 0.000000000000000000e+00
2.344669914245605469e+01 4.462046548724174500e-03 0.000000000000000000e+00
1.946910095214843750e+01 2.888636197894811630e-03 0.000000000000000000e+00
2.393429946899414062e+01 1.410378888249397278e-02 0.000000000000000000e+00
1.770789909362792969e+01 1.994077488780021667e-02 0.000000000000000000e+00
1.999659919738769531e+01 1.994199492037296295e-02 0.000000000000000000e+00
2.067340087890625000e+01 6.611694116145372391e-03 0.000000000000000000e+00
1.243529987335205078e+01 6.609379313886165619e-03 0.000000000000000000e+00
1.335579967498779297e+01 6.609525997191667557e-03 0.000000000000000000e+00
1.121570014953613281e+01 2.889581024646759033e-03 1.000000000000000000e+00
1.719619941711425781e+01 6.610628217458724976e-03 0.000000000000000000e+00
1.522830009460449219e+01 2.276452258229255676e-03 0.000000000000000000e+00
1.659589958190917969e+01 1.263430807739496231e-02 0.000000000000000000e+00
1.319489955902099609e+01 1.263917889446020126e-02 0.000000000000000000e+00
1.043299961090087891e+01 2.275910926982760429e-03 0.000000000000000000e+00
1.779380035400390625e+01 2.889581024646759033e-03 1.000000000000000000e+00
1.897220039367675781e+01 1.264052093029022217e-02 0.000000000000000000e+00
2.093190002441406250e+01 1.221308391541242599e-02 0.000000000000000000e+00
2.078980064392089844e+01 1.263451948761940002e-02 0.000000000000000000e+00
2.571559906005859375e+01 1.264525763690471649e-02 0.000000000000000000e+00
2.043880081176757812e+01 1.264059171080589294e-02 0.000000000000000000e+00
2.191900062561035156e+01 1.263416744768619537e-02 0.000000000000000000e+00
2.472970008850097656e+01 4.457529168576002121e-03 0.000000000000000000e+00
1.572690010070800781e+01 1.263190992176532745e-02 0.000000000000000000e+00
2.528949928283691406e+01 1.285907253623008728e-02 0.000000000000000000e+00
2.582220077514648438e+01 1.265042368322610855e-02 0.000000000000000000e+00
3.974539995193481445e+00 5.456954240798950195e-03 0.000000000000000000e+00
2.425679969787597656e+01 4.460158757865428925e-03 0.000000000000000000e+00
2.569020080566406250e+01 6.611841265112161636e-03 0.000000000000000000e+00
2.516049957275390625e+01 6.611657328903675079e-03 0.000000000000000000e+00
3.701709985733032227e+00 4.462519194930791855e-03 0.000000000000000000e+00
2.547809982299804688e+01 4.463788121938705444e-03 0.000000000000000000e+00
2.407069969177246094e+01 1.111444737762212753e-02 0.000000000000000000e+00
6.003699779510498047e+00 1.220242585986852646e-02 0.000000000000000000e+00
1.780410003662109375e+01 4.461475182324647903e-03 0.000000000000000000e+00
1.683559989929199219e+01 4.537793807685375214e-03 1.000000000000000000e+00
1.825000000000000000e+01 1.264483295381069183e-02 0.000000000000000000e+00
1.166679954528808594e+01 1.263184007257223129e-02 0.000000000000000000e+00
1.142430019378662109e+01 4.537506494671106339e-03 0.000000000000000000e+00
9.257610321044921875e+00 1.285565271973609924e-02 1.000000000000000000e+00
1.066370010375976562e+01 1.264016795903444290e-02 0.000000000000000000e+00
1.183839988708496094e+01 1.264002639800310135e-02 0.000000000000000000e+00
1.289900016784667969e+01 1.110939215868711472e-02 0.000000000000000000e+00
1.462230014801025391e+01 1.111054327338933945e-02 0.000000000000000000e+00
1.387539958953857422e+01 6.609709933400154114e-03 0.000000000000000000e+00
1.294649982452392578e+01 6.609525997191667557e-03 0.000000000000000000e+00
1.951779937744140625e+01 6.611804477870464325e-03 0.000000000000000000e+00
1.827680015563964844e+01 4.461748525500297546e-03 0.000000000000000000e+00
2.027840042114257812e+01 6.613017991185188293e-03 0.000000000000000000e+00
2.295759963989257812e+01 4.463564138859510422e-03 0.000000000000000000e+00
2.060350036621093750e+01 2.276109065860509872e-03 0.000000000000000000e+00
8.165619850158691406e+00 1.510141417384147644e-02 1.000000000000000000e+00
2.356019973754882812e+01 1.092371437698602676e-02 0.000000000000000000e+00
1.765909957885742188e+01 1.221090927720069885e-02 0.000000000000000000e+00
2.181110000610351562e+01 1.264094468206167221e-02 0.000000000000000000e+00
1.509949970245361328e+01 2.889527007937431335e-03 1.000000000000000000e+00
2.515620040893554688e+01 4.462320357561111450e-03 0.000000000000000000e+00
1.957659912109375000e+01 4.463937599211931229e-03 0.000000000000000000e+00
2.501519966125488281e+01 4.541223403066396713e-03 0.000000000000000000e+00
2.531139945983886719e+01 4.538866225630044937e-03 0.000000000000000000e+00
2.657480049133300781e+01 2.276874845847487450e-03 0.000000000000000000e+00
2.496199989318847656e+01 1.264341827481985092e-02 0.000000000000000000e+00
1.419219970703125000e+01 1.263169851154088974e-02 1.000000000000000000e+00
2.020369911193847656e+01 6.610665004700422287e-03 0.000000000000000000e+00
2.261039924621582031e+01 6.611914839595556259e-03 0.000000000000000000e+00
2.218040084838867188e+01 6.724980659782886505e-03 1.000000000000000000e+00
1.963759994506835938e+01 4.540384747087955475e-03 0.000000000000000000e+00
1.922850036621093750e+01 6.726644933223724365e-03 0.000000000000000000e+00
1.699690055847167969e+01 2.237904118373990059e-03 0.000000000000000000e+00
1.322259998321533203e+01 1.263275649398565292e-02 0.000000000000000000e+00
1.368500041961669922e+01 1.285023055970668793e-02 0.000000000000000000e+00
1.348320007324218750e+01 1.285067573189735413e-02 0.000000000000000000e+00
1.089509963989257812e+01 1.111041475087404251e-02 0.000000000000000000e+00
1.507209968566894531e+01 6.609820295125246048e-03 0.000000000000000000e+00
1.295100021362304688e+01 4.461077507585287094e-03 0.000000000000000000e+00
2.088579940795898438e+01 4.462743178009986877e-03 0.000000000000000000e+00
2.126280021667480469e+01 1.524096634238958359e-02 0.000000000000000000e+00
2.436899948120117188e+01 1.264186389744281769e-02 0.000000000000000000e+00
1.456939983367919922e+01 1.110811345279216766e-02 0.000000000000000000e+00
2.319750022888183594e+01 1.263451948761940002e-02 0.000000000000000000e+00
2.713619995117187500e+01 1.285632140934467316e-02 0.000000000000000000e+00
2.687680053710937500e+01 6.613533012568950653e-03 0.000000000000000000e+00
6.231450080871582031e+00 1.263776607811450958e-02 1.000000000000000000e+00
2.385639905929565430e+00 1.510106399655342102e-02 1.000000000000000000e+00
2.659469985961914062e+01 6.611951626837253571e-03 0.000000000000000000e+00
2.381649971008300781e+01 1.111675333231687546e-02 0.000000000000000000e+00
2.572369956970214844e+01 2.276756102219223976e-03 0.000000000000000000e+00
2.379210090637207031e+01 1.263578981161117554e-02 0.000000000000000000e+00
1.589410018920898438e+01 1.263247430324554443e-02 0.000000000000000000e+00
2.158569908142089844e+01 2.889499999582767487e-03 1.000000000000000000e+00
2.062779998779296875e+01 1.264363061636686325e-02 0.000000000000000000e+00
1.709679985046386719e+01 1.263325009495019913e-02 0.000000000000000000e+00
1.350389957427978516e+01 1.220534183084964752e-02 0.000000000000000000e+00
1.446329975128173828e+01 1.264101546257734299e-02 0.000000000000000000e+00
1.613209915161132812e+01 1.263607200235128403e-02 0.000000000000000000e+00
1.732150077819824219e+01 4.462917335331439972e-03 0.000000000000000000e+00
2.026910018920898438e+01 4.462146200239658356e-03 0.000000000000000000e+00
2.192040061950683594e+01 2.276689978316426277e-03 0.000000000000000000e+00
2.157570075988769531e+01 4.464086610823869705e-03 0.000000000000000000e+00
2.428149986267089844e+01 1.111566368490457535e-02 0.000000000000000000e+00
2.542939949035644531e+01 1.220914348959922791e-02 0.000000000000000000e+00
2.428009986877441406e+01 2.276742830872535706e-03 0.000000000000000000e+00
2.672760009765625000e+01 1.221022941172122955e-02 0.000000000000000000e+00
2.657379913330078125e+01 1.093648839741945267e-02 0.000000000000000000e+00
2.572520065307617188e+01 1.111668907105922699e-02 0.000000000000000000e+00
2.609849929809570312e+01 4.462569020688533783e-03 0.000000000000000000e+00
2.698880004882812500e+01 4.539416171610355377e-03 0.000000000000000000e+00
2.697900009155273438e+01 6.613017991185188293e-03 0.000000000000000000e+00
2.724480056762695312e+01 2.277126070111989975e-03 0.000000000000000000e+00
2.680130004882812500e+01 6.612981203943490982e-03 0.000000000000000000e+00
1.016829967498779297e+01 1.220283284783363342e-02 0.000000000000000000e+00
2.387700080871582031e+01 4.460506141185760498e-03 0.000000000000000000e+00
2.291699981689453125e+01 4.459935240447521210e-03 0.000000000000000000e+00
2.039710044860839844e+01 4.541511647403240204e-03 0.000000000000000000e+00
1.842099952697753906e+01 1.263543684035539627e-02 0.000000000000000000e+00
1.691270065307617188e+01 4.459314513951539993e-03 0.000000000000000000e+00
1.558819961547851562e+01 6.610371172428131104e-03 0.000000000000000000e+00
1.892889976501464844e+01 6.611363496631383896e-03 0.000000000000000000e+00
1.949990081787109375e+01 6.725367624312639236e-03 0.000000000000000000e+00
1.046280002593994141e+01 1.220296882092952728e-02 0.000000000000000000e+00
4.778289794921875000e+00 1.549983303993940353e-02 0.000000000000000000e+00
2.294930076599121094e+01 1.264744997024536133e-02 0.000000000000000000e+00
2.540439987182617188e+01 1.111246272921562195e-02 0.000000000000000000e+00
2.494449996948242188e+01 1.221199613064527512e-02 0.000000000000000000e+00
2.465229988098144531e+01 1.242203637957572937e-02 0.000000000000000000e+00
2.634659957885742188e+01 1.221179217100143433e-02 0.000000000000000000e+00
2.661930084228515625e+01 1.220907550305128098e-02 0.000000000000000000e+00
2.418359947204589844e+01 1.111271884292364120e-02 0.000000000000000000e+00
2.353720092773437500e+01 1.265141554176807404e-02 0.000000000000000000e+00
2.143320083618164062e+01 1.264907792210578918e-02 0.000000000000000000e+00
1.901530075073242188e+01 6.611289922147989273e-03 0.000000000000000000e+00
1.673909950256347656e+01 6.610407959669828415e-03 0.000000000000000000e+00
4.634950160980224609e+00 1.285513211041688919e-02 0.000000000000000000e+00
1.528030014038085938e+01 6.610150914639234543e-03 0.000000000000000000e+00
1.603140068054199219e+01 6.611179560422897339e-03 0.000000000000000000e+00
7.381549835205078125e+00 5.723731592297554016e-03 0.000000000000000000e+00
8.673489570617675781e+00 1.093324087560176849e-02 0.000000000000000000e+00
1.120909976959228516e+01 1.263988483697175980e-02 0.000000000000000000e+00
1.261699962615966797e+01 6.611620541661977768e-03 0.000000000000000000e+00
1.492819976806640625e+01 6.611363496631383896e-03 1.000000000000000000e+00
1.736100006103515625e+01 1.509896200150251389e-02 0.000000000000000000e+00
8.617520332336425781e+00 1.056778710335493088e-02 0.000000000000000000e+00
1.734639930725097656e+01 1.220500282943248749e-02 0.000000000000000000e+00
1.932710075378417969e+01 1.221063733100891113e-02 0.000000000000000000e+00
2.190239906311035156e+01 1.484998967498540878e-02 0.000000000000000000e+00
1.185260009765625000e+01 1.110779307782649994e-02 0.000000000000000000e+00
2.602129936218261719e+01 6.612245924770832062e-03 0.000000000000000000e+00
2.689290046691894531e+01 6.613128352910280228e-03 0.000000000000000000e+00
2.452809906005859375e+01 6.614711135625839233e-03 0.000000000000000000e+00
2.686280059814453125e+01 1.220934651792049408e-02 0.000000000000000000e+00
2.606990051269531250e+01 1.220785360783338547e-02 0.000000000000000000e+00
2.675379943847656250e+01 1.220866758376359940e-02 0.000000000000000000e+00
2.567149925231933594e+01 4.461052827537059784e-03 0.000000000000000000e+00
1.510779953002929688e+01 1.263910811394453049e-02 0.000000000000000000e+00
2.434239959716796875e+01 1.221050135791301727e-02 0.000000000000000000e+00
2.263470077514648438e+01 1.111316680908203125e-02 0.000000000000000000e+00
4.719799995422363281e+00 1.484416145831346512e-02 0.000000000000000000e+00
7.248620033264160156e+00 4.461599513888359070e-03 0.000000000000000000e+00
1.861820030212402344e+01 1.608562842011451721e-02 0.000000000000000000e+00
3.936059951782226562e+00 2.730250731110572815e-02 1.000000000000000000e+00
2.465159988403320312e+01 1.221077330410480499e-02 0.000000000000000000e+00
2.516950035095214844e+01 1.221267599612474442e-02 0.000000000000000000e+00
2.511689949035644531e+01 1.221301592886447906e-02 0.000000000000000000e+00
2.685939979553222656e+01 4.460381809622049332e-03 0.000000000000000000e+00
2.367589950561523438e+01 1.221321988850831985e-02 0.000000000000000000e+00
7.550690174102783203e+00 1.093703694641590118e-02 0.000000000000000000e+00
1.683830070495605469e+01 1.263967342674732208e-02 0.000000000000000000e+00
2.322220039367675781e+01 1.264447905123233795e-02 0.000000000000000000e+00
1.575119972229003906e+01 1.241324841976165771e-02 0.000000000000000000e+00
1.770019912719726562e+01 1.220914348959922791e-02 0.000000000000000000e+00
1.045209980010986328e+01 5.464747082442045212e-03 0.000000000000000000e+00
1.555959987640380859e+01 1.220975443720817566e-02 0.000000000000000000e+00
1.830640029907226562e+01 1.495807804167270660e-02 0.000000000000000000e+00
2.026919937133789062e+01 1.495620515197515488e-02 0.000000000000000000e+00
1.381270027160644531e+01 1.110817678272724152e-02 0.000000000000000000e+00
2.502059936523437500e+01 1.867363415658473969e-02 0.000000000000000000e+00
2.323789978027343750e+01 1.221383176743984222e-02 0.000000000000000000e+00
2.630520057678222656e+01 1.220839656889438629e-02 0.000000000000000000e+00
2.695459938049316406e+01 1.495932694524526596e-02 0.000000000000000000e+00
2.416360092163085938e+01 1.374235097318887711e-02 0.000000000000000000e+00
2.011380004882812500e+01 6.613680627197027206e-03 0.000000000000000000e+00
2.046980094909667969e+01 1.907783187925815582e-02 0.000000000000000000e+00
2.154770088195800781e+01 8.099980652332305908e-03 0.000000000000000000e+00
1.998530006408691406e+01 8.308391086757183075e-03 1.000000000000000000e+00
1.480560016632080078e+01 1.994732394814491272e-02 0.000000000000000000e+00
1.459409999847412109e+01 4.462444689124822617e-03 0.000000000000000000e+00
1.294680023193359375e+01 5.470556207001209259e-03 0.000000000000000000e+00
1.680570030212402344e+01 5.464747082442045212e-03 0.000000000000000000e+00
1.972159957885742188e+01 1.867794431746006012e-02 0.000000000000000000e+00
2.209070014953613281e+01 6.610885728150606155e-03 0.000000000000000000e+00
5.591440200805664062e+00 8.100994862616062164e-03 0.000000000000000000e+00
2.551749992370605469e+01 8.099845610558986664e-03 0.000000000000000000e+00
2.642130088806152344e+01 1.549983303993940353e-02 0.000000000000000000e+00
2.673590087890625000e+01 5.470556207001209259e-03 0.000000000000000000e+00
3.567229986190795898e+00 2.201295085251331329e-02 1.000000000000000000e+00
2.547570037841796875e+01 8.102551102638244629e-03 0.000000000000000000e+00
1.235049962997436523e+00 3.853694722056388855e-02 1.000000000000000000e+00
1.945190048217773438e+01 5.468038376420736313e-03 0.000000000000000000e+00
1.850550079345703125e+01 6.611730903387069702e-03 0.000000000000000000e+00
1.558180046081542969e+01 8.100994862616062164e-03 0.000000000000000000e+00
1.607929992675781250e+01 8.099372498691082001e-03 0.000000000000000000e+00
1.041100025177001953e+01 1.791537180542945862e-02 1.000000000000000000e+00
1.217529964447021484e+01 5.464792717248201370e-03 0.000000000000000000e+00
1.418850040435791016e+01 8.309266529977321625e-03 1.000000000000000000e+00
1.804490089416503906e+01 1.884757354855537415e-02 0.000000000000000000e+00
9.862389564514160156e+00 4.534607287496328354e-03 1.000000000000000000e+00
3.019419908523559570e+00 2.542922273278236389e-02 1.000000000000000000e+00
9.227709770202636719e+00 5.461826454848051071e-03 1.000000000000000000e+00
5.959859848022460938e+00 3.478168696165084839e-02 1.000000000000000000e+00
2.439240074157714844e+01 8.104514330625534058e-03 0.000000000000000000e+00
2.620910072326660156e+01 5.465751979500055313e-03 0.000000000000000000e+00
7.800330162048339844e+00 6.759741343557834625e-03 1.000000000000000000e+00
3.197760105133056641e+00 3.194617852568626404e-02 1.000000000000000000e+00
6.440579891204833984e+00 1.549970358610153198e-02 0.000000000000000000e+00
2.344109916687011719e+01 5.467397626489400864e-03 0.000000000000000000e+00
4.400700092315673828e+00 2.585049532353878021e-02 1.000000000000000000e+00
1.723960041999816895e+00 2.201631665229797363e-02 1.000000000000000000e+00
1.891970062255859375e+01 1.220602076500654221e-02 0.000000000000000000e+00
1.236849975585937500e+01 6.610224023461341858e-03 0.000000000000000000e+00
1.026980018615722656e+01 6.609636358916759491e-03 0.000000000000000000e+00
6.100339889526367188e+00 1.241110824048519135e-02 1.000000000000000000e+00
1.240750026702880859e+01 1.057087071239948273e-02 0.000000000000000000e+00
1.343130016326904297e+01 1.880414970219135284e-02 0.000000000000000000e+00
1.479419994354248047e+01 4.462295211851596832e-03 0.000000000000000000e+00
2.861799955368041992e+00 2.442501112818717957e-02 1.000000000000000000e+00
1.516100025177001953e+01 4.463663790374994278e-03 0.000000000000000000e+00
5.884240150451660156e+00 1.603179611265659332e-02 1.000000000000000000e+00
4.024010181427001953e+00 2.542950585484504700e-02 1.000000000000000000e+00
2.052009963989257812e+01 1.264052093029022217e-02 0.000000000000000000e+00
8.552780151367187500e+00 1.286271866410970688e-02 1.000000000000000000e+00
2.106590080261230469e+01 1.220513880252838135e-02 0.000000000000000000e+00
7.414480209350585938e+00 3.863562364131212234e-03 0.000000000000000000e+00
1.366790008544921875e+01 1.264568138867616653e-02 0.000000000000000000e+00
1.102200031280517578e+01 1.603253372013568878e-02 1.000000000000000000e+00
8.015700340270996094e+00 3.860387019813060760e-03 1.000000000000000000e+00
2.076460075378417969e+01 1.056976895779371262e-02 0.000000000000000000e+00
2.332269906997680664e+00 2.200722508132457733e-02 1.000000000000000000e+00
5.181799888610839844e+00 3.862159093841910362e-03 1.000000000000000000e+00
1.994869995117187500e+01 1.220629177987575531e-02 0.000000000000000000e+00
1.963319969177246094e+01 1.057214941829442978e-02 0.000000000000000000e+00
1.787820053100585938e+01 1.057267840951681137e-02 0.000000000000000000e+00
1.540769958496093750e+01 1.241431944072246552e-02 1.000000000000000000e+00
6.905980110168457031e+00 3.860419150441884995e-03 0.000000000000000000e+00
4.716959953308105469e+00 1.603179611265659332e-02 1.000000000000000000e+00
2.018729972839355469e+01 1.510036364197731018e-02 0.000000000000000000e+00
1.845560073852539062e+01 4.458942450582981110e-03 0.000000000000000000e+00
2.356679916381835938e+01 4.466727841645479202e-03 0.000000000000000000e+00
2.210339927673339844e+01 2.237615641206502914e-03 0.000000000000000000e+00
7.321700096130371094e+00 4.460729658603668213e-03 0.000000000000000000e+00
2.810149908065795898e+00 2.201640792191028595e-02 1.000000000000000000e+00
5.429930210113525391e+00 4.458223003894090652e-03 0.000000000000000000e+00
1.023289966583251953e+01 4.458396695554256439e-03 0.000000000000000000e+00
1.465929985046386719e+01 3.862288082018494606e-03 0.000000000000000000e+00
6.376309871673583984e+00 1.509791146963834763e-02 0.000000000000000000e+00
2.208530044555664062e+01 1.221927348524332047e-02 0.000000000000000000e+00
2.489520072937011719e+01 1.221063733100891113e-02 0.000000000000000000e+00
2.513409996032714844e+01 1.221165619790554047e-02 0.000000000000000000e+00
2.078540039062500000e+01 1.220500282943248749e-02 0.000000000000000000e+00
2.505599975585937500e+01 1.111182291060686111e-02 0.000000000000000000e+00
2.192460060119628906e+01 1.220561377704143524e-02 0.000000000000000000e+00
2.006809997558593750e+01 4.463041666895151138e-03 0.000000000000000000e+00
1.750359916687011719e+01 1.220948249101638794e-02 0.000000000000000000e+00
1.382359981536865234e+01 4.461624193936586380e-03 0.000000000000000000e+00
1.296730041503906250e+01 4.459438845515251160e-03 0.000000000000000000e+00
1.955349922180175781e+01 3.862562123686075211e-03 0.000000000000000000e+00
8.921649932861328125e+00 2.585123851895332336e-02 1.000000000000000000e+00
1.024829959869384766e+01 4.534607287496328354e-03 1.000000000000000000e+00
6.801189899444580078e+00 1.285513211041688919e-02 1.000000000000000000e+00
4.034230232238769531e+00 1.285545621067285538e-02 1.000000000000000000e+00
1.851429939270019531e+01 2.276412677019834518e-03 0.000000000000000000e+00
1.038679981231689453e+01 2.742499578744173050e-03 1.000000000000000000e+00
1.409780025482177734e+01 2.742568729445338249e-03 0.000000000000000000e+00
